# MS = 0, TanBeta = 20, Xt = -2.449
#             MS     new_tower_1l     new_tower_2l      NUHMSSMNoFV           HSSUSY
  199.9999999903       113.725321       111.773568   1.12350346E+02   1.10777631E+02
  207.9791005441       114.500969       112.423858   1.13020745E+02   1.11078349E+02
  216.2765313478       115.271663       113.048657   1.13661089E+02   1.11375104E+02
  224.9049923034       116.028792       113.631852   1.14254601E+02   1.11667968E+02
  233.8776900704       116.757158       114.147564   1.14773261E+02   1.11957013E+02
  243.2083581026       117.432684       114.554715   1.15171359E+02   1.12242307E+02
  252.9112778525       118.017856       114.786296   1.15371641E+02   1.12523918E+02
  263.0013004388       118.453367        114.72665   1.15233126E+02   1.12801911E+02
  273.4938695765       118.642277       114.157661   1.14459692E+02   1.13076350E+02
  284.4050450080       118.420218       112.616029   1.12229135E+02   1.13347298E+02
  295.7515272987       117.523114       109.830172   9.92690691E+01   1.13614814E+02
  307.5506831756       116.345887       104.014507   1.23885556E+02   1.13878962E+02
  319.8205723403       98.9039681       102.131065   1.02326126E+02   1.14139795E+02
  332.5799749035       102.733894        108.26011   1.08995864E+02   1.14397375E+02
  345.8484202138       111.387904       110.530606   1.11435014E+02   1.14651756E+02
  359.6462168567       113.742055       111.880357   1.12893915E+02   1.14902989E+02
  373.9944834978       114.996165       112.832718   1.13930175E+02   1.15151131E+02
  388.9151814893        115.82935       113.570274   1.14737225E+02   1.15396232E+02
  404.4311481900       116.452698        114.17614   1.15403320E+02   1.15638343E+02
  420.5661322253        116.95515       114.694349   1.15975201E+02   1.15877514E+02
  437.3448295188       117.381106       115.150679   1.16480418E+02   1.16113793E+02
  454.7929214221       117.755316        115.56134   1.16936287E+02   1.16347229E+02
  472.9371136789       118.092693       115.937087   1.17354316E+02   1.16577864E+02
  491.8051776572       118.402773       116.285364   1.17742480E+02   1.16805750E+02
  511.4259924851       118.691935       116.611505   1.18106495E+02   1.17030928E+02
  531.8295896386       118.964607       116.919441   1.18450575E+02   1.17253441E+02
  553.0471985609       119.223961       117.212136   1.18777903E+02   1.17473332E+02
  575.1112946034       119.472327       117.491878   1.19090930E+02   1.17690643E+02
  598.0556489106       119.711455       117.760458   1.19391579E+02   1.17905414E+02
  621.9153797088       119.942687       118.019304   1.19681384E+02   1.18117686E+02
  646.7270065278       120.167067       118.269571   1.19961580E+02   1.18327498E+02
  672.5285056087       120.385423       118.512203   1.20233182E+02   1.18534888E+02
  699.3593685376       120.598417        118.74798   1.20497024E+02   1.18739893E+02
  727.2606621629       120.806591       118.977554   1.20753805E+02   1.18942551E+02
  756.2750920009       121.010385       119.201478   1.21004120E+02   1.19142897E+02
  786.4470670293       121.210171       119.420217   1.21248470E+02   1.19340967E+02
  817.8227682528       121.406256       119.634175   1.21487285E+02   1.19536795E+02
  850.4502187697       121.598903       119.843698   1.21720938E+02   1.19730415E+02
  884.3793579174       121.788336       120.049088   1.21949796E+02   1.19921861E+02
  919.6621171336       121.974748       120.250607   1.22174060E+02   1.20111165E+02
  956.3524996759       122.158307       120.448489   1.22394019E+02   1.20298358E+02
  994.5066635760       122.339159       120.642939   1.22609896E+02   1.20483472E+02
 1034.1830069283       122.517434       120.834138   1.22821887E+02   1.20666540E+02
 1075.4422580542       122.693246       121.022251   1.23030169E+02   1.20847589E+02
 1118.3475676402       122.866698       121.207423   1.23234902E+02   1.21026650E+02
 1162.9646062400        123.03788       121.389787   1.23436229E+02   1.21203751E+02
 1209.3616639106       123.206876       121.569463   1.23634072E+02   1.21378920E+02
 1257.6097556498        123.37376       121.746557   1.23828969E+02   1.21552189E+02
 1307.7827291409       123.538602       121.921171   1.24020818E+02   1.21723581E+02
 1359.9573787709       123.701462       122.093393   1.24209721E+02   1.21893124E+02
 1414.2135622852       123.862399       122.263308   1.24395769E+02   1.22060845E+02
 1470.6343233778       124.021466       122.430991   1.24579048E+02   1.22226769E+02
 1529.3060192539       124.178712       122.596514   1.24759637E+02   1.22390922E+02
 1590.3184517824       124.334182       122.759942   1.24937611E+02   1.22553326E+02
 1653.7650061473       124.487919       122.921336   1.25113039E+02   1.22714014E+02
 1719.7427925323       124.639964       123.080752   1.25285984E+02   1.22873001E+02
 1788.3527960556       124.790353       123.238244   1.25456509E+02   1.23030314E+02
 1859.7000299858       124.939122       123.393862   1.25624671E+02   1.23185973E+02
 1933.8936978783       125.086304       123.547651   1.25790523E+02   1.23340011E+02
 2011.0473592604       125.231931       123.699655   1.25954118E+02   1.23492439E+02
 2091.2791049631       125.376033       123.849916   1.26115503E+02   1.23643284E+02
 2174.7117362896       125.518638       123.998473   1.26274726E+02   1.23792566E+02
 2261.4729546165       125.659773       124.145362   1.26431830E+02   1.23940305E+02
 2351.6955553787       125.799465       124.290621   1.26586858E+02   1.24086527E+02
 2445.5176319243       125.937738       124.434279   1.26739849E+02   1.24231250E+02
 2543.0827876391       126.074616        124.57637   1.26890843E+02   1.24374492E+02
 2644.5403540396       126.210122       124.716925   1.27039877E+02   1.24516274E+02
 2750.0456213367       126.344278       124.855971   1.27186986E+02   1.24656615E+02
 2859.7600740425       126.477105       124.993536   1.27332206E+02   1.24795535E+02
 2973.8516402976       126.608624       125.129648   1.27475568E+02   1.24933052E+02
 3092.4949466530       126.738855       125.264331   1.27617106E+02   1.25069185E+02
 3215.8715876874       126.867815        125.39761   1.27756849E+02   1.25203950E+02
 3344.1704015245       126.995525       125.529509   1.27894829E+02   1.25337372E+02
 3477.5877613922       127.122002        125.66005   1.28031074E+02   1.25469460E+02
 3616.3278735625       127.247264       125.789254   1.28165613E+02   1.25600235E+02
 3760.6030926383       127.371326       125.917144   1.28298473E+02   1.25729713E+02
 3910.6342441315       127.494207        126.04374   1.28429680E+02   1.25857912E+02
 4066.6509634538       127.615921       126.169061   1.28559261E+02   1.25984847E+02
 4228.8920486569       127.736486       126.293127   1.28687240E+02   1.26110535E+02
 4397.6058231015       127.855914       126.415956   1.28813644E+02   1.26234992E+02
 4573.0505188591       127.974223       126.537567   1.28938494E+02   1.26358230E+02
 4755.4946685052       128.091426       126.657975   1.29061816E+02   1.26480273E+02
 4945.2175197235       128.207537       126.777201   1.29183631E+02   1.26601129E+02
 5142.5094589837        128.32257       126.895259   1.29303963E+02   1.26720813E+02
 5347.6724598881       128.436539       127.012168   1.29422832E+02   1.26839342E+02
 5561.0205413288       128.549457        127.12794   1.29540261E+02   1.26956730E+02
 5782.8802523221       128.661337       127.242596   1.29656271E+02   1.27072990E+02
 6013.5911674517       128.772192        127.35614   1.29770882E+02   1.27188137E+02
 6253.5064111605       128.882034       127.468602   1.29884113E+02   1.27302185E+02
 6502.9931941643       128.990876       127.579984   1.29995985E+02   1.27415146E+02
 6762.4333771605       129.098729       127.690301   1.30106518E+02   1.27527035E+02
 7032.2240573994       129.205606       127.799576   1.30215729E+02   1.27637863E+02
 7312.7781717662       129.311518       127.907815   1.30323637E+02   1.27747646E+02
 7604.5251343404       129.416475       128.015039   1.30430261E+02   1.27856394E+02
 7907.9114879080       129.520491       128.121244   1.30535619E+02   1.27964120E+02
 8223.4015934072       129.623574       128.226459   1.30639728E+02   1.28070837E+02
 8551.4783344623       129.725737       128.330691   1.30742606E+02   1.28176557E+02
 8892.6438629383        129.82699       128.433954   1.30844268E+02   1.28281292E+02
 9247.4203608118       129.927343       128.536256   1.30944733E+02   1.28385053E+02
 9616.3508464007       130.026807       128.637612   1.31044014E+02   1.28487852E+02
 9999.9999992381       130.125391       128.738033   1.31142133E+02   1.28589701E+02
