25000.	0.1091124755556628	0.10745576510838879	0.10911237091563614	0.10656054790570288	0.8943397137579718	0.8943125878959555	0.8943397137555064	0.8943125669670462	0.9078689255059421	0.9078689255040802	0.7337890317040427	0.734550385070433	0.7337890322037623	0.7345545895164624	0.75879203628585	0.7587920367265569
25584.347299919373	0.10899216042454565	0.10741370438443118	0.10899205987038632	0.10658888942596012	0.894339710950017	0.8943125869165524	0.8943397109476598	0.8943125676331476	0.9074073783314077	0.9074073783295504	0.7337895876455257	0.7345505822586529	0.733789588103718	0.7345544561469562	0.7584319985195896	0.7584319989747589
26182.35307051567	0.10887466774373122	0.1073739186111622	0.10887457130311945	0.10661673337432209	0.8943397082076918	0.8943125859902431	0.8943397082054141	0.8943125682876445	0.9069465800233256	0.9069465800214623	0.733790130697105	0.7345507687976397	0.7337901311504497	0.7345543251089286	0.7580727843149995	0.758072784735694
26794.336563407327	0.10875996610476618	0.10733638011402649	0.10875987352843458	0.10664409618306592	0.8943397055302451	0.8943125851164024	0.8943397055280758	0.8943125689309064	0.9064865284135573	0.9064865284119952	0.7337906610436112	0.7345509448119604	0.7337906614722157	0.7345541963486757	0.7577143901845323	0.75771439059251
27420.62449236565	0.10864802394428627	0.10730106157308766	0.10864793535361165	0.1066709940157402	0.8943397029170234	0.8943125842944273	0.8943397029149468	0.8943125695633187	0.9060272213439836	0.9060272213423745	0.7337911788086671	0.7345511104223668	0.7337911792215132	0.7345540697833427	0.7573568126913505	0.7573568130916942
28061.551207734326	0.10853881046822049	0.10726793601635223	0.10853872591869192	0.10669744268018344	0.8943397003673978	0.8943125835236677	0.8943397003654102	0.8943125701852522	0.9055686566653877	0.9055686566636332	0.7337916840984309	0.7345512657607273	0.7337916844891416	0.7345539453446028	0.7570000484388522	0.7570000488170707
28717.458874925876	0.10843229488158844	0.1072369767983437	0.10843221409166193	0.10672345774678982	0.8943396978806442	0.8943125828035338	0.8943396978787453	0.8943125707970843	0.9051108322383202	0.9051108322366195	0.7337921770836917	0.7345514109461079	0.7337921774577056	0.7345538229390952	0.75664409398371	0.7566440943527273
29388.69765709022	0.10832844728120153	0.10720815759129546	0.10832837016674786	0.106749054362459	0.8943396954561869	0.8943125821334261	0.8943396954543791	0.894312571399174	0.9046537459318371	0.9046537459304151	0.7337926578313069	0.7345515460980284	0.7337926581881697	0.7345537025136788	0.7562889460225921	0.7562889463637537
30075.625902052914	0.10822723717991783	0.1071814523937013	0.10822716397321858	0.10677424745566422	0.894339693093334	0.8943125815127502	0.8943396930916138	0.8943125719918701	0.9041973956254861	0.9041973956240327	0.7337931265281027	0.734551671336565	0.7337931268671654	0.7345535839827089	0.7559346011221038	0.7559346014520342
30778.610333622906	0.10812863537651382	0.10715683553390204	0.10812856588930514	0.1067990515827806	0.8943396907914162	0.8943125809409179	0.894339690789782	0.8943125725754999	0.9037417792068709	0.9037417792054885	0.7337935832755291	0.7345517867802158	0.7337935835975137	0.7345534673032269	0.7555810560154408	0.7555810563290549
31498.02624737183	0.10803261255032907	0.10713428164862494	0.1080325469078931	0.1068234811268634	0.8943396885498542	0.894312580417353	0.8943396885483059	0.8943125731504192	0.9032868945733226	0.9032868945718051	0.7337940281937596	0.7345518925379707	0.7337940284982064	0.7345533523856356	0.7552283073429918	0.7552283076509894
32234.257710989477	0.10793913994824049	0.10711376563633103	0.1079390778524001	0.10684755006383932	0.8943396863680089	0.8943125799414505	0.8943396863665388	0.8943125737169587	0.902832739630729	0.9028327396295441	0.7337944614079005	0.734551988751023	0.7337944616965401	0.734553239167672	0.7548763518463562	0.7548763521240215
32987.69776932235	0.10784818868065643	0.10709526278912063	0.10784813027252797	0.1068712721591554	0.8943396842452037	0.8943125795126899	0.8943396842438388	0.8943125742754414	0.9023793122947856	0.9023793122935041	0.7337948830550639	0.7345520755041748	0.7337948833251341	0.7345531275863683	0.7545251862542417	0.7545251865244638
33758.74865420475	0.10775973077949527	0.1070787486413586	0.1077596757913822	0.10689466087256397	0.8943396821808872	0.8943125791304859	0.8943396821795936	0.8943125748261864	0.9019266104894343	0.9019266104882907	0.7337952932473327	0.7345521529223318	0.7337952935023704	0.7345530175773956	0.7541748072901787	0.7541748075413387
34547.821999194406	0.1076737381807018	0.10706419903864534	0.10767368675623248	0.10691772940853247	0.8943396801744121	0.8943125787942824	0.8943396801731877	0.8943125753695049	0.9014746321477919	0.9014746321467353	0.7337956920899098	0.7345522211175647	0.7337956923391138	0.7345529090790633	0.7538252117630461	0.753825211997117
35355.33905932738	0.10759018320053237	0.10705159011291165	0.10759013533866188	0.10694049067107639	0.8943396782251751	0.8943125785035297	0.8943396782240522	0.8943125759056951	0.9010233752119271	0.9010233752109069	0.7337960797264048	0.7345522801997451	0.7337960799418735	0.734552802029369	0.7534763964336294	0.7534763966638722
36181.73093600945	0.10750903881092815	0.10704089830532999	0.10750899436084643	0.1069629573431239	0.8943396763325875	0.894312578257682	0.8943396763315404	0.8943125764350607	0.9005728376322393	0.9005728376314565	0.7337964562642044	0.7345523302799675	0.7337964564699081	0.7345526963792259	0.7531283581392489	0.7531283583285959
37027.43880716411	0.10743027760772894	0.1070321003179304	0.10743023647390101	0.10698514187808263	0.8943396744960206	0.8943125780562011	0.8943396744950454	0.8943125769579146	0.9001230173689866	0.900123017368211	0.7337968218343182	0.7345523714662788	0.7337968220259143	0.7345525920428351	0.7527810936715537	0.7527810938550598
37892.91416275995	0.10735387319841164	0.10702517314348109	0.10735383556183062	0.10700705637933809	0.8943396727149219	0.8943125778985546	0.8943396727140351	0.894312577474538	0.8996739123897697	0.8996739123889701	0.733797176529854	0.7345524038658606	0.7337971767046321	0.7345524889752031	0.7524345999129989	0.7524346000861508
38778.61904584336	0.1072797991266731	0.10702009405140034	0.1072797648600952	0.10702871274691246	0.8943396709886846	0.894312577784225	0.8943396709878892	0.8943125779851788	0.8992255206716429	0.8992255206708898	0.7337975204774186	0.734552427584091	0.7337975206285938	0.734552387145021	0.752088873724392	0.7520888738873533
39685.02629920499	0.10720802927504564	0.10701684058881439	0.10720799839107178	0.10705012267994435	0.8943396693167588	0.8943125777126616	0.8943396693160295	0.894312578490146	0.898777840200068	0.8987778401993352	0.733797853778579	0.7345524427291658	0.7337978539227556	0.7345522864733084	0.7517439119886978	0.7517439121415544
40612.61981781177	0.10713853791072922	0.10701539055325238	0.10713851021066434	0.10707129765439852	0.894339667698543	0.8943125776833789	0.8943396676978924	0.8943125789897166	0.8983308689690823	0.8983308689684559	0.7337981765689564	0.7345524494013971	0.7337981766917766	0.7345521868962888	0.7513997116241748	0.7513997117707057
41561.89480713939	0.10707129940110896	0.10701572202426245	0.10707127493798418	0.10709224879972618	0.8943396661334742	0.8943125776958671	0.8943396661328857	0.8943125794841312	0.8978846049811813	0.8978846049806418	0.7337984889541566	0.7345524477032541	0.7337984890687431	0.7345520883705634	0.7510562695690126	0.75105626968302
42533.35804754279	0.1070062886604281	0.1070178133508562	0.10700626727067805	0.10711298708959491	0.8943396646209938	0.8943125777495917	0.8943396646204915	0.8943125799736418	0.8974390462473582	0.8974390462468855	0.7337987910367488	0.73455243774052	0.7337987911360796	0.7345519908695322	0.7507135827340548	0.7507135828333342
43527.52816480621	0.10694348058829162	0.1070216431259993	0.10694346243812536	0.10713352331229925	0.8943396631605416	0.8943125778440832	0.8943396631601118	0.8943125804585524	0.8969941907869751	0.8969941907865601	0.7337990829376048	0.7345524196106882	0.7337990830220815	0.7345518942998659	0.7503716480894695	0.7503716481750049
44544.93590701697	0.10688285066103242	0.10702719020214915	0.10688283552591038	0.10715386791703231	0.8943396617515887	0.894312577978848	0.8943396617512334	0.8943125809390527	0.8965500366276995	0.8965500366273816	0.7337993647348814	0.7345523934133064	0.7337993648051856	0.7345517986510196	0.7500304626509363	0.7500304627203481
45586.12442791084	0.10682437438600037	0.1070344336616305	0.10682436244921487	0.10717403126570746	0.8943396603935402	0.8943125781533654	0.8943396603932575	0.8943125814154057	0.8961065818056019	0.8961065818053241	0.7337996365786916	0.7345523592560199	0.7337996366342614	0.7345517038508602	0.749690023384967	0.7496900234415202
46651.64957684038	0.10676802776464689	0.10704335291751078	0.10676801885596615	0.1071940234292845	0.8943396590858894	0.8943125783671925	0.8943396590856861	0.8943125818878567	0.8956638243649401	0.895663824364728	0.7337998985633624	0.7345523172137463	0.733799898604161	0.7345516098603662	0.7493503273108706	0.7493503273536775
47742.08019552083	0.1067137868241322	0.10705392751815725	0.10671378101998041	0.10721385429300237	0.8943396578280876	0.8943125786198437	0.8943396578279571	0.8943125823566563	0.8952217623581714	0.8952217623580022	0.7338001507861264	0.7345522673932403	0.7338001508124962	0.7345515166270323	0.7490113714899168	0.7490113715196697
48857.9984217123	0.10666162807943329	0.10706613728092917	0.10666162517624021	0.10723353349493991	0.8943396566196417	0.8943125789108215	0.8943396566195722	0.8943125828219936	0.8947803938459246	0.894780393845856	0.7338003933409488	0.73455220991098	0.733800393354504	0.7345514241163996	0.748673152966423	0.7486731529803475
50000.	0.10661152818290398	0.10707996234028794	0.10661152818290398	0.10725307056737522	0.8943396554599474	0.894312579239669	0.8943396554599474	0.8943125832841406	0.8943397168969875	0.8943397168969875	0.7338006263674007	0.7345521448413758	0.7338006263674007	0.7345513322579632	0.7483356687929079	0.7483356687929079
51168.694599838745	0.10656346415252636	0.10709538296071577	0.10656346693311985	0.10727247473931933	0.8943396543485708	0.8943125796059351	0.8943396543486399	0.8943125837432879	0.8938997295881331	0.893899729588193	0.7338008499311894	0.7345520722838553	0.7338008499180801	0.7345512410362581	0.747998916071533	0.74799891605815
52364.70614103134	0.10651741286317723	0.10711237973818004	0.10651741862895638	0.107291755100181	0.8943396532849189	0.894312580009165	0.8943396532850744	0.894312584199644	0.8934604300041871	0.8934604300043029	0.7338010641675509	0.7345519923133496	0.7338010641233933	0.7345511503994928	0.747662891927966	0.747662891911804
53588.67312681467	0.10647335217680484	0.10713093338759574	0.10647336072800943	0.10731092053705013	0.8943396522685265	0.8943125804489054	0.8943396522687309	0.8943125846534192	0.8930218162379462	0.893021816238147	0.7338012691417761	0.7345519050404662	0.7338012691024854	0.7345510603057415	0.7473275934672183	0.7473275934327177
54841.2489847313	0.10643125945880327	0.10715102494073739	0.10643127094988786	0.10732997975894562	0.8943396512988796	0.8943125809246928	0.8943396512991517	0.89431258510483	0.8925838863901103	0.8925838863904336	0.7338014649804552	0.7345518105518289	0.7338014649269058	0.7345509707164071	0.7469930178377343	0.7469930177801902
56123.10241546866	0.10639111289095007	0.1071726355933286	0.10639112714414424	0.10734894124547895	0.8943396503754799	0.8943125814360818	0.8943396503758176	0.8943125855540923	0.8921466385694021	0.8921466385697561	0.7338016517731617	0.734551708942796	0.733801651706726	0.7345508815902464	0.7466591621740094	0.7466591621051727
57434.91774985175	0.10635289054387459	0.10719574683775757	0.10635290744485187	0.10736781340665014	0.8943396494978176	0.8943125819826829	0.8943396494982193	0.8943125860013987	0.891710070892164	0.8917100708925558	0.7338018296277108	0.7345516002755292	0.7338018295488753	0.7345507928630406	0.7463260236666854	0.7463260235862719
58777.395314180445	0.1063165708000371	0.10722034027759084	0.10631659043217867	0.10738660430044615	0.8943396486654129	0.8943125825639937	0.8943396486658766	0.894312586446895	0.8912741814826267	0.8912741814831068	0.7338019986274845	0.7345514846784541	0.733801998536043	0.7345507045475099	0.7459935995201832	0.7459935994259111
60151.25180410583	0.10628213257996251	0.10724639783229137	0.10628215487256101	0.1074053219784328	0.8943396478777966	0.8943125831796457	0.8943396478783239	0.8943125868908293	0.89083896847277	0.8908389684733422	0.7338021588576725	0.7345513621948501	0.7338021587602265	0.7345506165673346	0.7456618869498216	0.7456618868304088
61557.22066724583	0.10624955452303408	0.10727390155800468	0.10624957940164054	0.1074239742198721	0.8943396471344334	0.8943125838291776	0.894339647135023	0.8943125873333612	0.890404430002356	0.8904044300029573	0.733802310449736	0.7345512329430217	0.7338023103433511	0.7345505289039026	0.7453308831398222	0.7453308830194768
62996.05249474366	0.10621881564351018	0.10730283374606323	0.10621884305223933	0.10744256871131225	0.8943396464348803	0.8943125845121841	0.894339646435534	0.8943125877746839	0.8899705642186113	0.889970564219254	0.733802453495889	0.734551096995452	0.7338024533582572	0.7345504414999657	0.7450005853375726	0.7450005852071562
64468.51542197897	0.10618989565698522	0.1073331769088848	0.1061899258059463	0.10746111287206922	0.8943396457786732	0.8943125852282322	0.8943396457793884	0.894312588214964	0.8895373692766554	0.8895373692773069	0.733802588048334	0.7345509544415015	0.7338025879012744	0.7345503543404439	0.7446709908325169	0.7446709907022873
65975.3955386447	0.10616277379651334	0.1073649137458978	0.10616280648659963	0.10747961405229808	0.8943396451653015	0.8943125859769623	0.8943396451660774	0.8943125886543777	0.8891048433387149	0.8891048433395793	0.7338027142406057	0.7345508053437876	0.7338027140942149	0.7345502673855209	0.7443420968844557	0.7443420967140498
67517.49730840951	0.10613743009221435	0.1073980271305294	0.10613746537357932	0.10749807940293003	0.8943396445943457	0.8943125867579121	0.8943396445951819	0.894312589093105	0.888672984575082	0.8886729845760646	0.7338028321467085	0.7345506498212419	0.7338028319821649	0.7345501806000038	0.7440139007767702	0.7440139006002182
69095.6439983888	0.10611384460039673	0.10743250019818684	0.10611388241461801	0.10751651591326002	0.8943396440653582	0.8943125875707196	0.8943396440662292	0.8943125895313021	0.8882417911633974	0.8882417911643868	0.7338029418488543	0.7345504879229858	0.733802941683981	0.7345500939489464	0.7436863997980004	0.7436863996120359
70710.67811865476	0.10609199731015417	0.10746831623223435	0.10609203773347073	0.10753493044736312	0.8943396435778077	0.8943125884149753	0.8943396435787575	0.8943125899691228	0.8878112612883895	0.8878112612895338	0.7338030434727333	0.7345503197400096	0.7338030432845842	0.7345500074073085	0.7433595912815664	0.7433595910793365
72363.46187201892	0.10607186924127557	0.1075054587272691	0.10607191187997451	0.10755332969640358	0.8943396431313149	0.8943125892903102	0.8943396431323253	0.8943125904067358	0.8873813931427429	0.8873813931439614	0.7338031370793315	0.7345501453393327	0.7338031368804596	0.734549920939272	0.7430334725497578	0.7430334723346017
74054.87761432823	0.10605344035996882	0.10754391133199842	0.10605348524406652	0.10757172020585364	0.8943396427254149	0.8943125901962875	0.894339642726478	0.8943125908442964	0.8869521849259987	0.8869521849271913	0.7338032227580914	0.7345499648305955	0.733803222548753	0.7345498345145884	0.7427080409847119	0.7427080407629653
75785.8283255199	0.10603669205100483	0.10758365795758071	0.10603673928753789	0.10759010839037313	0.8943396423596727	0.8943125911325532	0.8943396423607957	0.8943125912819565	0.886523634845353	0.886523634846512	0.7338033005899449	0.7345497782658751	0.7338033003694197	0.7345497481034403	0.7423832939235641	0.7423832936946687
77557.23809168673	0.10602160501724706	0.10762468263366642	0.10602165484271675	0.10760850049390219	0.8943396420336324	0.8943125920987252	0.8943396420348098	0.8943125917198663	0.8860957411148865	0.8860957411160543	0.7338033706781586	0.7345495857290364	0.7338033704452431	0.7345496616753857	0.7420592287764093	0.7420592285323886
79370.05259841	0.10600816082454939	0.10766696959813193	0.10600821283856876	0.10762690266539265	0.894339641746876	0.894312593094428	0.8943396417480926	0.8943125921581648	0.88566850195657	0.8856685019580034	0.7338034331156238	0.7345493872957976	0.7338034328747083	0.7345495751964245	0.7417358428821148	0.7417358426293427
81225.23963562357	0.10599634098078752	0.10771050328030499	0.10599639523120274	0.10764532081940159	0.8943396414989317	0.8943125941192718	0.894339641500217	0.8943125925969908	0.8852419155989961	0.8852419156007396	0.7338034879832054	0.7345491830469085	0.7338034877301259	0.7345494886676719	0.7414131337123471	0.7414131334278381
83123.7896142788	0.10598612703097082	0.10775526822609069	0.10598618379680502	0.10766376089195898	0.8943396412894642	0.8943125951729242	0.8943396412907856	0.8943125930365226	0.8848159802782098	0.8848159802798095	0.7338035353279408	0.7345489730525292	0.7338035350745424	0.7345494020096631	0.7410910986614148	0.7410910983752472
85066.71609508558	0.10597750133835437	0.10780124925020548	0.10597755995085129	0.10768222857579293	0.894339641117948	0.8943125962550109	0.8943396411193388	0.8943125934768443	0.8843906942375093	0.8843906942389018	0.7338035752935296	0.7345487573778811	0.7338035750199807	0.734549315240189	0.7407697351613813	0.7407697348797638
87055.05632961242	0.10597044504589817	0.10784843131079079	0.10597050600610322	0.10770072943136773	0.8943396409840536	0.8943125973651799	0.8943396409854834	0.894312593918122	0.8839660557262135	0.8839660557282154	0.733803607912805	0.7345485360937724	0.7338036076454985	0.7345492283125779	0.7404490407035704	0.7404490403704824
89089.87181403393	0.1059649413037965	0.10789679947353803	0.10596500448662277	0.10771926892648334	0.8943396408873175	0.8943125985030635	0.8943396408888138	0.894312594360477	0.8835420630023962	0.8835420630042035	0.7338036333040121	0.7345483092898509	0.7338036330092753	0.7345491412051777	0.7401290126975617	0.740129012377766
91172.2488558217	0.10596097222772087	0.10794633906319198	0.10596103763076023	0.1077378524113866	0.894339640827351	0.8943125996683019	0.8943396408288994	0.8943125948040449	0.883118714329922	0.8831187143318291	0.7338036515271871	0.7345480770310325	0.7338036512221133	0.7345490538934716	0.7398096486772977	0.7398096483442855
93303.29915368075	0.10595852061335465	0.1079970355274092	0.10595858790964517	0.10775648508143026	0.8943396408037315	0.8943126008605528	0.8943396408053309	0.8943125952489406	0.8826960079799776	0.8826960079819764	0.7338036626797884	0.7345478393793007	0.7338036623649522	0.7345489663499327	0.7394909461278412	0.739490945775794
95484.16039104166	0.10595756896638119	0.10804887444410935	0.10595763871227593	0.10777517205098774	0.8943396408161053	0.8943126020794814	0.8943396408177358	0.8943125956952682	0.8822739422305065	0.8822739422324387	0.733803666802258	0.7345475964265377	0.7338036664943249	0.7345488785620593	0.7391729025590981	0.7391729021993262
97715.9968434246	0.10595810099199411	0.10810184160575195	0.10595817267436616	0.10779391826135601	0.8943396408640168	0.8943126033247348	0.8943396408657039	0.8943125961431829	0.8818525153669117	0.8818525153690828	0.7338036640259591	0.7345473482231653	0.7338036637013934	0.7345487904905842	0.7388555154680324	0.7388555150911221
100000.	0.10596009954233591	0.10815592301232402	0.10596017309335616	0.10781272860035779	0.8943396409471167	0.8943126045960229	0.894339640948854	0.8943125965927731	0.881431725680547	0.8814317256827211	0.7338036543964224	0.7345470948218725	0.7338036540541948	0.7345487021252913	0.7385387824205211	0.7385387820509982