-3.5	101.66820270301176	2.888952807008558	0.7941672370240127	99.85574974376084	103.7830151139991	99.70005210220486	101.72480443389661	0.8475248981247469	0.8310630735666058	0.9388874643049199	0.07176038654298972	0.16581241977272593	1.0338205544297416	1.0211496963177928	1.1654150175660547
-3.3833333333333333	106.34975671024483	2.1047785379540227	0.6921845683173302	106.01645302865889	107.34176824062354	104.49341465732797	106.40344819714662	0.8473933782186985	0.8309341561180374	0.9387626736011977	0.09000365649676914	0.18171293933177493	1.0338191188238415	1.021150644820933	1.1654163851833415
-3.2666666666666666	110.160387307371	1.900767809187918	0.6081867123916851	110.13882481879942	110.84939423053622	108.38889422968894	110.21149499260196	0.8472883604441886	0.8308312122741439	0.9386632613492415	0.10555343502058681	0.1951922766554817	1.0338175866978598	1.021151407709121	1.1654174854815735
-3.15	113.24437280350274	2.2031327053545318	0.5369125163798429	112.81578615986783	114.63794878408324	111.5379907525681	113.29331589074533	0.8472047306644924	0.8307492305572534	0.9385842476393514	0.11860558363042557	0.206454494508967	1.0338159910252556	1.0211520189181447	1.1654183672329907
-3.033333333333333	115.71226127167193	2.498558842879366	0.4750826233827894	114.85706972871525	117.58320018454894	114.05624681653778	115.75942378942761	0.8471386964727555	0.8306844949938946	0.9385219559540348	0.12935541539786158	0.21569460609412117	1.0338143563697533	1.021152503945608	1.1654190670959161
-2.916666666666667	117.6519041840216	2.717430288634029	0.4205247491470061	116.50143513991299	119.8351673719069	116.03394583288566	117.69763654634711	0.8470873554045028	0.8306341617208969	0.9384735853450409	0.13799668311116559	0.2230991085556848	1.033812701620708	1.021152882577688	1.1654196135307058
-2.8	119.13525752908636	2.8577479388969214	0.3717342967776176	117.79046153752374	121.51013878550269	117.54570970023943	119.17987768616939	0.8470484253495087	0.8305959946522733	0.9384369436162071	0.1447203925635199	0.22884625784496354	1.033811041705737	1.0211531705966792	1.165420029251115
-2.6833333333333336	120.22275175604173	2.9332251996351304	0.3276333617751419	118.7609933022917	122.70101278775606	118.65366529237544	120.2665462344026	0.8470200684890833	0.8305681928544257	0.9384102733038671	0.14971363945215033	0.2331062348896041	1.033809388712155	1.0211533808996518	1.1654203328296098
-2.5666666666666664	120.96622086472695	2.9592694314376913	0.2874289440431568	119.44631064349976	123.48383973803686	119.41094893461464	121.00944581752636	0.8470007718386758	0.8305492736878222	0.93839213403304	0.15315854526377037	0.23604125948853075	1.0338077526482914	1.021153524257598	1.1654205397866577
-2.45	121.41093338959591	2.9495237834978627	0.25052570225187765	119.87697372575919	123.92215814801614	119.86385848445498	121.45381570544733	0.846989263962606	0.8305379909610497	0.9383813202524215	0.15523131960514744	0.23780567485715226	1.0338061419755313	1.0211536098470175	1.1654206633529007
-2.3333333333333335	121.59704069010486	2.9151867333334662	0.21646986091813858	120.0814395593864	124.0699802946787	120.05338159485953	121.63977917682013	0.846984455294144	0.8305332766321383	0.9383768027109166	0.1561014632889934	0.23854601980897894	1.033804563989504	1.0211536456302828	1.1654207150148426
-2.216666666666667	121.56063357884955	2.86511030824715	0.18491167039215384	120.08651725731845	123.97391191295334	120.01630694223108	121.6034002222839	0.8469853945472338	0.8305341981247117	0.9383776856790048	0.155931116072484	0.23840109932123785	1.0338030250985901	1.0211536386341669	1.1654207049140577
-2.0999999999999996	121.33452634886362	2.80609764745888	0.1555799688757844	119.91770384292437	123.67469609942809	119.7860465958099	121.3774676386551	0.8469912364345333	0.8305399265695607	0.9383831751528301	0.15487454217171187	0.23750205726739143	1.0338015310300464	1.021153595156536	1.1654206421434654
-1.9833333333333334	120.94884621714226	2.743223626415138	0.12826401834693968	119.59942897251027	123.20836070792946	119.39325304074784	120.99208452577868	0.8470012173515438	0.8305497132725508	0.9383925553214898	0.15307774832274276	0.2359724578566076	1.0338000869846562	1.0211535209212244	1.1654205349694715
-1.8666666666666667	120.43147827939926	2.680129636846377	0.10280102495019605	119.15522815941154	122.60708457194993	118.86628432013535	120.47511327942087	0.8470146373265641	0.8305628718501801	0.9384051707179734	0.15067821767289138	0.2339283727649847	1.0337986977523352	1.0211534211948399	1.1654203909993464
-1.75	119.8084019251655	2.61928142030466	0.07906622835533028	118.60785767263584	121.89985840603894	118.23155540525126	119.85251202811006	0.8470308463255397	0.8305787648284805	0.9384204128391811	0.14780475248559477	0.23147847965722873	1.033797367798536	1.021153300874363	1.165420217306746
-1.6333333333333333	119.10394085501436	2.562193969599533	0.05696594073536687	117.97935939441956	121.11299228936285	117.51379926635174	119.14858465825563	0.8470492342822276	0.8305967939915894	0.9384377105129404	0.14457740373101197	0.22872416489046396	1.0337961013274641	1.0211531645516003	1.1654200205242946
-1.5166666666666666	118.34094412972577	2.509627014803905	0.036431936406088994	117.2910829614553	120.27050460572518	116.73625595973931	118.38616185864642	0.8470692239488036	0.8306163933221199	0.9384565228584696	0.1411074767930155	0.2257596319327926	1.0337949023263904	1.0211530165594094	1.165419806909781
-1.4	117.54090957464251	2.4617564781058556	0.017417027523890738	116.56366799175612	119.3944184341831	115.92080159518537	117.58672451056187	0.8470902662463707	0.8306370243811028	0.9384763346821811	0.13749759669773357	0.22267201172458606	1.0337937745944064	1.0211528610023153	1.1654195823901
-1.2833333333333332	116.72405834718055	2.418324413866538	0.00010867351194576713	115.81699086926002	118.50498289461457	115.08802634044906	116.77047823391892	0.8471118376107065	0.8306581738496047	0.9384966540358227	0.13384181985338506	0.2195414733742022	1.033792721757947	1.021152701774133	1.16541935258667
-1.166666666666667	115.9093672096473	2.378770267561923	0.016160853710204037	115.07007864878193	117.6208335190732	114.25726822425426	115.95638563392377	0.8471334390618818	0.8306793525089681	0.9385170112098093	0.13022577891706116	0.21644133217028858	1.0337917472748275	1.0211525425643864	1.1654191228246584
-1.0500000000000003	115.11456440806599	2.342344752192687	0.03074390988864195	114.34099335566103	116.75910173318132	113.44660879581873	115.16216215100619	0.8471545968441988	0.8307000959377878	0.9385369594529333	0.12672685075169016	0.21343815426634066	1.033790854428435	1.0211523868550578	1.1654188981283526
-0.9333333333333336	114.35609380675199	2.3084834567824495	0.043853253725103514	113.64669082940944	115.93548204804765	112.67245826023509	114.40424016576884	0.8471748643329742	0.8307199662874998	0.9385560767633877	0.12341433511146399	0.21059185410852566	1.0337900463136105	1.021152237909101	1.1654186832048203
-0.8166666666666664	113.64905378351139	2.275800173837162	0.055478236034772976	113.00285887877742	115.16426410655926	111.95099485986756	113.69770786450896	0.8471938250275028	0.8307385552197463	0.9385739688558484	0.12034964109785785	0.20795578820439947	1.0337893258156388	1.0211520987522453	1.1654184824178222
-0.6999999999999997	113.00711410360702	2.2437783918789593	0.06560341410698811	112.42374140936549	114.45833611881946	111.29582916695104	113.05622608623555	0.847211096189115	0.8307554875951781	0.9385902728751849	0.11758646371959697	0.2055768351341129	1.0337886955841005	1.0211519721495137	1.165418299754261
-0.583333333333333	112.44242020946226	2.2117582630408767	0.07421141682247878	111.92195591561875	113.82916562052813	110.71939618786031	112.49193258670212	0.8472263332750788	0.8307704256575118	0.9386046616149245	0.1151709589297926	0.20349547344909552	1.0337881580030872	1.021151860578277	1.1654181387855345
-0.4666666666666668	111.96548847750383	2.1792461794937217	0.08128428096388518	111.50831308335215	113.28676405882443	110.23247239303032	112.01533727370763	0.8472392344240542	0.8307830735564568	0.9386168480724393	0.11314189861109177	0.20174584525142053	1.0337877151598822	1.0211517661995098	1.1654180026264152
-0.3500000000000001	111.58510138098008	2.1459444051677306	0.08680506569474744	111.19164828442717	112.83964024093835	109.8440644373958	111.63521735146932	0.8472495450613957	0.8307931817567176	0.9386265898938705	0.1115308096725501	0.20035581204161906	1.033787368813933	1.0211516908292295	1.1654178938940505
-0.2333333333333334	111.30820917884948	2.1117653364256848	0.0907592502105814	110.97867427603514	112.4947492747566	109.56130464884968	111.35851899473454	0.8472570621546243	0.8308005512353438	0.9386336936033239	0.11036209174921267	0.19934700064688235	1.033787120368065	1.0211516359118389	1.1654178146698158
-0.1166666666666667	111.13984490720222	2.076828970884571	0.09313573129018948	110.87007097405679	112.25744191650699	109.3893605459186	111.19027232898897	0.8472616377520911	0.8308050369540627	0.938638018103837	0.10965311083405482	0.1987348387641916	1.0337869708438792	1.0211516024973255	1.16541776646656
0.	111.08305887026808	2.041443336297022	0.09392759976329046	110.8663043379044	112.1314193085674	109.33136503665435	111.13352591367737	0.8472631818502504	0.8308065507152871	0.9386394775543547	0.10941426774113365	0.19852858077693036	1.0337869208629187	1.0211515912236135	1.1654177502034337
0.11666666666666714	111.13887717167536	2.006069569378833	0.093132479577136	110.96873304648317	112.1186973020596	109.38837220759169	111.18930526886824	0.8472616640499924	0.8308050627508222	0.9386380429749206	0.10964903933038331	0.1987313228657658	1.0337869706347647	1.0211516023056375	1.1654177661900613
0.2333333333333334	111.30628776099844	1.9712753578410256	0.09075283439436532	111.17284564595906	112.21958319083699	109.55934242863475	111.35659892013555	0.8472571143355092	0.8308006024058588	0.9386337429329051	0.11035399360667218	0.19934000918290698	1.0337871199529638	1.0211516355314643	1.1654178141211293
0.35000000000000053	111.58225458236565	1.9376842002634842	0.08679579551728978	111.48026702896327	112.43266671332944	109.84115743761457	111.63237254853817	0.8472496222532057	0.8307932574830065	0.9386266628841915	0.11151877653385076	0.20034542724337734	1.0337873681991203	1.0211516902661308	1.1654178930817893
0.4666666666666668	111.96175884135103	1.9059305385936613	0.08127255028799141	111.88209196039529	112.75482545591615	110.22866433648231	112.0116102620549	0.8472393353569742	0.8307831725838875	0.9386169435012699	0.11312607101722402	0.2017321928587973	1.0337877143547431	1.0211517654626598	1.1654180015634843
0.5833333333333339	112.4378647427014	1.876633034555191	0.07419772577213735	112.37592575026723	113.18124353483437	110.7147456180351	112.48738034081852	0.847226456282865	0.8307705463424234	0.9386047778818346	0.11515153037473815	0.2034787259309322	1.0337881570201044	1.0211518596795899	1.1654181374891237
0.7000000000000002	113.00180456984592	1.8503990152351029	0.06558839168619102	112.95091735318262	113.70544095830796	111.29040971522728	113.0509203276235	0.8472112391662415	0.8307556278696929	0.9385904079705502	0.11756368587269093	0.20555721577924324	1.033788694438884	1.021151971103922	1.1654182982458579
0.8166666666666664	113.64307688342704	1.8278707094249267	0.05546252951459962	113.59623093487242	114.31930980124653	111.94489539394162	113.6917352412272	0.8471939854605116	0.8307387126470087	0.9385741204146993	0.12032382924595217	0.20793357534396587	1.0337893245268823	1.0211520975776254	1.1654184807232073
0.9333333333333336	114.34955173190592	1.809818058668706	0.04383770428198375	114.30157650774314	115.01315225418035	112.66578341283098	114.39770280501664	0.8471750393220063	0.8307201380136722	0.9385562420202667	0.12338587572356771	0.2105673870365972	1.0337900449030764	1.0211522366262937	1.1654186813540321
1.0499999999999998	115.10757474799945	1.7969294908945552	0.030729066840308406	115.04890811062324	115.77571528399041	113.43947888162597	115.1551775654213	0.8471547830924361	0.8307002787266226	0.9385371352773648	0.1266962065293654	0.21341183695207014	1.0337908529209363	1.021152385487875	1.1654188961557232
1.166666666666666	115.9020639744697	1.7913636081833835	0.016147569280974494	115.82221440398088	116.5942155408918	114.24982011056122	115.94908774257745	0.8471336328833035	0.8306795427782754	0.9385171941458712	0.13019349871649896	0.2164136411206256	1.0337917456982566	1.0211525411395925	1.165419120768798
1.2833333333333332	116.71659177683567	1.7948159234030152	0.00009752560835352142	116.59636792200313	117.45434810356308	115.08041336319164	116.76301717084408	0.8471120349379794	0.8306583675959679	0.9384968402255455	0.13380854302253567	0.21951296061999143	1.033792720143219	1.0211527003214744	1.1654193504904962
1.3999999999999995	117.53344685820129	1.8100238988605915	0.017425432797750773	117.34084485570263	118.34027269231908	115.9131942273296	117.57926734280908	0.8470904626526136	0.8306372172298957	0.938476519919662	0.13746406076553414	0.22264331077944446	1.033793772975434	1.0211528595545278	1.165419580300828
1.5166666666666666	118.33366950874401	1.8404056798761363	0.03643716593018098	118.02743841044195	119.23456985112678	116.72884190441545	118.37889268900022	0.8470694145857369	0.830616580563034	0.9384567026240989	0.1410745213946485	0.22573146060276744	1.0337949007401788	1.0211530151521866	1.1654198048789548
1.6333333333333329	119.09705580589414	1.8898727109859463	0.05696777350580362	118.65309863543548	120.11815976898332	117.5067836404165	119.14170480711837	0.8470494139373719	0.8305969705429936	0.9384378799402846	0.14454597336171546	0.22869732722253616	1.0337960998139981	1.0211531632236586	1.165420018607802
1.75	119.80212527760905	1.962436796169606	0.07906462324103813	119.1990027833864	120.97017554695053	118.22516086860936	119.84624015185106	0.8470310094473381	0.8305789252114377	0.9384205666863196	0.1477758969464162	0.23145386617702177	1.0337973664007591	1.0211532996673964	1.1654202155647972
1.8666666666666671	120.42604599073513	2.061649870846074	0.1027962241712288	119.64400037194223	121.76778045213106	118.86075086678495	120.46968514530273	0.8470147779591026	0.8305630102241244	0.9384053034041347	0.15065308836131222	0.23390695754953517	1.0337986965161898	1.0211534201535764	1.1654203894965414
1.9833333333333334	120.94451095013115	2.189989069936696	0.1282566255124209	119.96634831805515	122.48591698621077	119.38883760447676	120.98775259102327	0.8470013291552877	0.8305498234183435	0.9383926609075506	0.15305759038092087	0.23595529252203054	1.0338000859590364	1.021153520093364	1.1654205337747174
2.1000000000000005	121.33155679949155	2.3483288082149136	0.15557096073045784	120.14365554975096	123.09697161268603	119.78302241858631	121.37450038032908	0.8469913126654646	0.830540001864869	0.9383832473155288	0.15486068157733657	0.23749026122110675	1.0338015302667625	1.0211535945928325	1.1654206413300436
2.216666666666667	121.55931324394116	2.535591134949198	0.1849026113895178	120.15278166164231	123.57033359506673	120.01496239293878	121.60208090821364	0.8469854280911323	0.8305342315764606	0.9383777177365847	0.1559249395094283	0.23839584456134852	1.0338030246522996	1.0211536383882949	1.1654207045595222
2.333333333333334	121.59766656999848	2.7485651518246796	0.2164627540428654	119.96968380040767	123.87181749166825	120.05401894852085	121.64040457246477	0.8469844385498911	0.8305332608042748	0.9383767875484953	0.1561043923634853	0.2385485116140833	1.0338045639177353	1.0211536457589045	1.165420715200998
2.45	121.4138136855772	2.981803775185368	0.2505233302376837	119.56920006016878	123.96290700773231	119.86679171137841	121.45669377730881	0.8469891889178988	0.8305379179792876	0.9383812503168782	0.15524477429887773	0.23781712410765316	1.0338061423384708	1.0211536104096601	1.1654206641656837
2.5666666666666664	120.97167247761791	3.2274793033083657	0.28743486124506035	118.92475363463733	123.79975758258873	119.41650133194742	121.01489323894552	0.8470006300157874	0.8305491352460352	0.9383920013322542	0.15318389970212645	0.2360628491618162	1.0338077535088062	1.0211535253166109	1.1654205413160381
2.6833333333333336	120.23109682163224	3.4750985888766524	0.32765217338736363	118.007954184731	123.33186558064976	118.66216619680735	120.27488493003627	0.8470198509145919	0.8305679801295188	0.9384100693071835	0.1497521657774906	0.23313907693449612	1.033809390135584	1.0211533825200771	1.1654203351693895
2.8	119.14681952973501	3.711002674073769	0.37177166390672767	116.78806112717422	122.50026182313462	117.55749085641995	119.19143095417517	0.8470481225049082	0.830595698300671	0.9384366592394543	0.14477319489981424	0.22889134188646773	1.0338110437597798	1.0211531728462173	1.1654200324987987
2.916666666666666	117.66700300466745	3.917587049181396	0.4205876934263131	115.23125641626847	121.23500586225538	116.04933681655626	117.71272412695848	0.8470869571930976	0.830633771826846	0.938473210874983	0.13806461815991164	0.22315723890699463	1.033812704375207	1.021152885526376	1.1654196177871041
3.033333333333333	115.73120737308828	4.072169967840441	0.47517995942098423	113.2996456078011	119.45161492281534	114.07556975847706	115.77835605264801	0.847138192159869	0.8306840010690627	0.9385214810266777	0.12943899999699554	0.21576632662284911	1.0338143598965182	1.0211525076657184	1.1654190724649383
3.1499999999999995	113.26746109912214	4.1455964738155835	0.5370549439196282	110.94985993503286	117.04580138913259	111.5615552469146	113.31638772890575	0.8472041088733827	0.8307486213617942	0.9385836610302214	0.11870489104687182	0.2065400016942704	1.0338159953976842	1.021152023483962	1.1654183738212072
3.2666666666666666	110.18789038685911	4.099709157342428	0.6083873345836821	108.13104893527321	113.88539392909443	108.41699153882894	110.23897906119147	0.8472876089868339	0.8308304759113937	0.9386625510295606	0.10566797658683603	0.19529131664379892	1.0338175919907966	1.0211514131965793	1.1654174933977977
3.383333333333333	106.38191897698846	3.886899879804068	0.6924591192011889	104.78189939963232	109.79728478585182	104.52631474459729	106.43558906916185	0.8473924840807726	0.8309332797652703	0.9387618264190516	0.0901322511974196	0.18182468901774998	1.033819125113205	1.0211506513074817	1.1654163945383058
3.5	101.70523794448495	3.454536296864036	0.7945338452304185	100.82612035587964	104.54492431526566	99.73800579195354	101.7618162474235	0.8475238472140593	0.8310620433875284	0.9388864658370084	0.0719010186851893	0.16593534977904734	1.0338205617926297	1.0211497038823538	1.1654150284723828