91.18759999999997	71.56735983410992	6.201777870480164	0.023672450758340347	69.79589836637462	77.21461942186141	71.17817582778363	74.13066003177042	0.9958225751029138	0.9764802863363223	0.9396765424795329	0.12284050906456576	0.0868070930269866	1.2346865601866375	1.214942161406096	1.1654066671321188
102.47160118957655	80.05883979979275	4.929710566852365	0.04969260617940563	78.62350728542354	84.7175129147817	79.02870773827274	81.67092263904608	0.9884172498364192	0.9692189184254406	0.9394530451020326	0.13437659871375252	0.10589198169262994	1.2255670994125458	1.2054669267256353	1.1654089855945795
115.15194007031249	87.45014796948108	4.36855930766848	0.018688469986599898	86.40268255859465	91.57817085945248	86.02055451521198	88.42694855116908	0.9812040709816134	0.9621486939388435	0.9392562616011884	0.14598162663182124	0.12458914500283877	1.2171163354032757	1.196214542040775	1.1654110412375818
129.4014063215951	invalid	invalid	0	Infinity	-Infinity	Infinity	-Infinity	invalid	invalid	invalid	invalid	invalid	invalid	invalid	invalid
145.4141714658226	invalid	invalid	0	Infinity	-Infinity	Infinity	-Infinity	invalid	invalid	invalid	invalid	invalid	invalid	invalid	invalid
163.40843476260451	invalid	invalid	0	Infinity	-Infinity	Infinity	-Infinity	invalid	invalid	invalid	invalid	invalid	invalid	invalid	invalid
183.62939651889675	invalid	invalid	0	Infinity	-Infinity	Infinity	-Infinity	invalid	invalid	invalid	invalid	invalid	invalid	invalid	invalid
206.35259933112627	105.22613484810574	invalid	invalid	105.39802112662582	105.39802112662582	103.34377775685498	105.28056898880334	0.9479689161551769	0.9295600012756018	0.9387913707384886	0.16984689156744068	0.17783004684488782	1.177011265912828	1.153005126487268	1.165416057093401
231.88768278901577	105.87604799004141	4.691249529216027	0.17131704106165557	103.4282889057585	110.17967275853204	104.0087943925342	105.93005376973991	0.9418215464910489	0.9235285777844506	0.9387751627005034	0.16693820900556655	0.1800709919819795	1.1640818866523217	1.1449221506527543	1.1654162487486033
260.5826028048884	107.6784673739364	4.344271375101693	0.17397058154601552	105.55536985473235	111.62026616423087	105.85229211472358	107.73126915809567	0.9357659111624307	0.9175905752018231	0.9387277800279246	0.16834297470448548	0.18635822223947085	1.1552887316906635	1.137010498126565	1.1654167713652273
292.8283730634907	109.01761556454029	4.182216387366978	0.17538889452802664	106.9813480779786	112.79436714521898	107.22120764633188	109.06950852319603	0.929845586318274	0.9117852456218607	0.9386928601583938	0.16835548695648042	0.191099319322858	1.1469190498413813	1.129263710621219	1.165417157937153
329.06439320208625	110.17749690505406	4.051620079181555	0.17546770898846376	108.2002747129781	113.82149850862154	108.40637365151558	110.22859274820895	0.92404840925399	0.9061006677096226	0.9386628109522345	0.16793613557363185	0.1952538873894788	1.1388228628005486	1.121676151362001	1.1654174915645428
369.78443632570867	111.2211610722232	3.933500838768191	0.17449710820277176	109.2949969669286	114.74455258341234	109.47240691355185	111.27153170626633	0.9183684622596395	0.9005310398335602	0.938635928706387	0.1672857819449663	0.19903038575566018	1.1309473237599907	1.1142423963726658	1.165417790806461
415.5433774469379	112.17798195831449	3.822923017388711	0.17275158713269434	110.29958018797133	115.5877967647943	110.44942667068513	112.22768105146476	0.9128009580285592	0.8950716682082558	0.9386114136725754	0.16649261000586443	0.20252444933046979	1.1232651990864966	1.1069572705146185	1.1654180643457472
466.96475453583935	113.06565098322649	3.718152621585432	0.17045071525784294	111.23315676486006	116.36721231395474	111.35557738924214	113.11472132052076	0.9073416257417904	0.8897183652489026	0.9385887821972985	0.16560697909938946	0.20579320171701204	1.1157593520581994	1.0998158381482153	1.1654183174240245
524.7492652113341	113.89616214324452	3.6184303654985204	0.16776242513546435	112.10820375091261	117.09409682930908	112.20316124140574	113.94463916996548	0.9019865345611605	0.884467276610602	0.9385677056393766	0.1646613228937888	0.20887519864785387	1.1084175782561652	1.0928133903762998	1.1654185535994102
589.6843148548616	114.67819215701124	3.523342305149757	0.16481347325041895	112.93355678478429	117.77677723228369	113.00107810884492	114.7261060277528	0.8967320166596051	0.8793148058476732	0.9385479459082092	0.16367786851258995	0.21179825250028267	1.101230440518264	1.0859454322913733	1.16541877544825
662.6547462544916	115.41828247491378	3.432428654661014	0.16169842704280768	113.71580231887094	118.42157044621112	113.75640768095404	115.4656593682134	0.8915746241479562	0.8742575721799155	0.9385293233038169	0.16267239121139426	0.2145832802891856	1.0941902154759156	1.0792076708282992	1.165418984914318
744.6548969878614	116.1215115449518	3.345821398418125	0.15848752534481036	114.4600267193448	119.03337624696418	114.473614464644	116.1683745627995	0.88651110082749	0.8692923827075149	0.9385116980835059	0.16165631679208295	0.2172464795281617	1.0872903238427098	1.072596003343936	1.165419183507881
836.8021488448578	116.79191266781488	3.2631413981970514	0.15523281916382814	115.1702638514096	119.61606576344332	115.15721053070251	116.83828247791132	0.88153836161889	0.8644162123731588	0.9384949591181432	0.16063801442329456	0.21980067737883	1.0805249968169353	1.066106506926974	1.1654193724295392
940.352153922364	117.43275018229129	3.184200635098246	0.15197242412472178	115.84978110162943	120.1727468508931	115.8105442950467	117.47864549027955	0.8766534766533426	0.8596261883474586	0.9384790163599174	0.1596236454182372	0.22225622240152246	1.0738890681538285	1.0597354284062235	1.1654195526519238
1056.7159448707039	118.04670932463918	3.1088195956763527	0.1487340624292699	116.50127212286534	120.70595117683804	116.4363702143971	118.0921472293146	0.8718536583654758	0.8549195771750058	0.9384637955138461	0.15861774338660173	0.22462159800036058	1.0673778378346648	1.0534791750153754	1.1654197249760374
1187.4791624459615	118.63603120697059	3.0368254968873054	0.1455376716953225	117.12700217980101	121.21776849443873	117.03698721850702	118.68102747225878	0.8671362504073135	0.8502937743010156	0.9384492345689236	0.1576236251383285	0.22690385948244363	1.0609869788371242	1.0473343056691233	1.1654198900711163
1334.4236623739957	119.20261120300312	2.9680523244764845	0.1423972519459369	117.72888183493201	121.70994603029587	117.61433960636887	119.24718046900065	0.8624987184767793	0.8457462946527664	0.9384352809106756	0.15664368914225948	0.22910895314800245	1.0547124710624614	1.0412975228078554	1.1654200485037784
1499.5517959538606	119.7480716728699	2.9023409069637762	0.13932257870267506	118.30856007787582	122.183962003197	118.17009162266196	119.79222762189852	0.8579386419368582	0.8412747646922609	0.9384218894636512	0.1556796348105192	0.23124195251103125	1.0485505530442194	1.035365664768984	1.165420200759511
1685.1136952622649	120.27381741113885	2.8395387808293586	0.1363198662085523	118.86747091447756	122.64108145826516	118.70568431123405	120.31757289931669	0.8534537065490873	0.8368769151808519	0.9384090211376496	0.1547326296439964	0.23330723897674946	1.042497685685071	1.0295356986465807	1.1654203472587241
1893.6379347631528	120.78107690209721	2.7795008911457426	0.13339334008793458	119.40687452699261	123.08239877922938	119.22237782218703	120.82444406538953	0.8490416980261233	0.8325505747104376	0.9383966416699165	0.15380343102196653	0.2353086356407906	1.036550524360441	1.0238047136034711	1.1654204883686181
2127.9659871353474	121.27093498509454	2.7220895087652237	0.130545884574488	119.92788918133745	123.50887062333187	119.72128490432245	121.3139253251267	0.8447004964168339	0.8282936639353679	0.9383847208144872	0.15289248284444226	0.2372495137578684	1.0307058969694882	1.0181699146003194	1.1654206244085734
2391.290942833422	121.74437021995413	2.6671639933776428	0.1277721334091666	120.43151585997023	123.92134121594083	120.20340913991257	121.7869946639521	0.8404280581728799	0.8241041905862373	0.9383732320520127	0.15200004697467137	0.23913292398625904	1.0249607870039161	1.0126286165899232	1.165420755769835
2687.201020997076	122.20224357157808	2.6146068159313147	0.12507720326807714	120.91865750153015	124.32056255651084	120.66963354943026	122.24451254612933	0.836222444195803	0.8199802430480381	0.9383621503786476	0.1511261119697403	0.2409615342368726	1.0193123174176173	1.007178238802083	1.165420882621369
3019.728464613997	122.64534308507413	2.564299116072806	0.12245937686967068	121.39013460338526	124.70721003617167	121.1207662150333	122.68726655603801	0.832081783433134	0.8159199877880032	0.9383514539351435	0.15027057402799415	0.24273779808082285	1.0137577404879985	1.0018162997561908	1.1654210052092422
3393.404486210163	123.07438668117855	2.516128699685708	0.11991683912845019	121.84669730630553	125.08189497072122	121.55754321502934	123.11597419405764	0.8280042802884766	0.8119216643163955	0.9383411227385656	0.14943322515522317	0.24446395536709983	1.0082944270882084	0.9965404123171016	1.1654211237505292
3813.321012789544	123.49003232241091	2.4699896401801724	0.11744780051401449	122.28903556396665	125.44517446134525	121.98063905385541	123.53129303647182	0.823988209871611	0.807983581361746	0.9383311384404412	0.14861378005624754	0.24614206478009495	1.002919858130699	0.9913482791186766	1.1654212384436227
4285.200071395698	123.89288663183193	2.4257819286216113	0.11505019321703003	122.71778696241529	125.7975597501259	122.39067550230469	123.93382934899891	0.8200319142766037	0.8041041134192335	0.9383214842407454	0.14781189894445457	0.2477740316071829	0.9976316171147831	0.9862376882523334	1.1654213494711394
4815.471760783319	124.28351159597008	2.383421497341904	0.11272180365529039	123.13354351675275	126.13953595741302	122.78822847772061	124.32414478564465	0.8161337992385481	0.8002816972346534	0.9383121445308178	0.1470272037934659	0.24936162874519494	0.9924273835867391	0.9812065092065808	1.1654214570020724
5411.36187168712	124.66243003346143	2.342810966205438	0.11046031780297483	123.53685692848252	126.471530377589	123.17383365826433	124.70276185414517	0.8122923307953602	0.7965148287732097	0.9383031048349834	0.14625929077407127	0.25090651375033235	0.9873049273405707	0.9762526890403257	1.1654215611934975
6080.990349652838	125.03013011533342	2.303867021945896	0.10826344584168623	123.92824328335406	126.79395189441233	123.54799112507078	125.07016843362922	0.8085060324515961	0.7928020603310557	0.9382943517173451	0.14550773982926885	0.2524102427433409	0.9822621032254862	0.9713742487743026	1.1654216621918878
6833.481942142236	125.38706921998323	2.2665104301897863	0.10612889640738388	124.3081867691239	127.10718230382837	123.91116932197393	125.42682162731973	0.8047734822934715	0.7891419976795452	0.9382858725569456	0.14477212248194468	0.2538742821386223	0.9772968464573059	0.9665692799862964	1.1654217601343573
7679.0905376539395	125.73367709104834	2.230666297696986	0.1040544024650103	124.67714278373329	127.41157990984684	124.26380830018664	125.77315091865825	0.8010933104311432	0.7855332976054638	0.9382776555712721	0.14405200743713545	0.2553000181561099	0.9724071683530248	0.9618359415963602	1.1654218551495654
8629.33889117737	126.07035857240702	2.196263755619272	0.10203772852112536	125.03554071044387	127.70748194839851	124.60632252912492	126.10956090475177	0.7974641964627395	0.7819746654558734	0.9382696896976148	0.14334696514597112	0.25668876494892195	0.9675911524249539	0.9571724568298329	1.165421947358567
9697.175639960153	126.3974957280964	2.1632358998366183	0.1000768395192182	125.38378625875741	127.99520672708854	124.93910307793614	126.43643341516064	0.7938848671892939	0.778464852845394	0.9382619645063064	0.1426565701409772	0.2580417705698788	0.9628469507837466	0.9525771103465698	1.1654220368755082
10897.15174917723	126.71545021195446	2.13151926203458	0.09816953601283274	125.72226347779896	128.27505538720942	125.26252004785765	126.75412988016768	0.790354094467511	0.7750026555490936	0.9382544701771428	0.14198040553962127	0.2593602243196343	0.9581727808098562	0.9480482455256927	1.165422123808245
12245.618791853123	127.0245645424383	2.1010539065131826	0.09631388286722142	126.05133643418749	128.54731339091018	125.5769238886323	127.06299260501659	0.7868706931144791	0.7715869114447667	0.9382471974069856	0.14131806251299192	0.2606452597876573	0.9535669220602462	0.9435842618960184	1.1654222082588301
13760.951764914917	127.32516384399118	2.0734938469589745	0.09450795395829914	126.3713508010483	128.81463436312757	125.88264718689487	127.36334651032254	0.7834335189541568	0.7682164986912827	0.9382401374485788	0.14066914284019258	0.26189796012703515	0.949027713383628	0.9391836127029745	1.1654222903240261
15463.799477597433	127.61755711011116	2.0454301929090866	0.09274988408404283	126.68263523152481	129.07262803088346	126.1800059668168	127.65550039445743	0.780041467033062	0.7648903338078817	0.9382332819482451	0.14003325950843515	0.2631193614350746	0.9445535502214352	0.9348448026036177	1.1654223700956965
17377.365924138194	127.90203828837345	2.0184530666542155	0.09103795126257808	126.98550249389143	129.32380342094936	126.46930080715883	127.93974801808615	0.7766934698234321	0.7616073701270871	0.9382266230573584	0.1394100368166475	0.2643104557147722	0.9401428820764546	0.9305663854814726	1.165422447661118
19527.72647491139	128.17888742409215	1.992513716105419	0.0893704441453167	127.28025048174568	129.56839405544827	126.75081801741557	128.21636924717032	0.7733884956801768	0.7583665960456386	0.9382201532659689	0.13879911128291253	0.2654721940848389	0.9357942101326365	0.9263469623745612	1.1654225231033672
21944.183194603786	128.44837153822388	1.9675659649713726	0.08774573084389203	127.56716336516135	129.8066229353228	127.02483054169706	128.48563093047173	0.7701255472065729	0.7551670335959636	0.9382138654594282	0.1382001314813606	0.2666054891397735	0.9315060850132992	0.9221851795089573	1.1654225965015759
24659.66412920673	128.7107454334723	1.943565945732769	0.08616225146451484	127.84651232051992	130.03870303304646	127.29159878877861	128.7477877052621	0.7669036597806728	0.7520077370000633	0.9382077528899467	0.137612757850091	0.2677112170818962	0.9272771046656954	0.9180797264321432	1.1654226679311925
27711.172002739124	128.9662523573396	1.9204721725362828	0.08461864199091451	128.11855636771512	130.26483812806353	127.55137131585252	129.00308266005797	0.7637219002986289	0.7488877912601146	0.9382018091029658	0.13703666202014217	0.26879021933275504	0.9231059123618547	0.9140293342399521	1.1654227374642274
31140.28843790656	129.2151250637653	1.8982449347740264	0.08311331368832953	128.38354307367064	130.48522304829547	127.80438591633667	129.25174839562206	0.7605793656490877	0.745806310888052	0.9381960279458613	0.1364715287253942	0.2698433059799834	0.918991194807284	0.9100327738917311	1.1654228051694684
34993.74057149808	129.45758588913324	1.8768467415860592	0.08164505422689672	128.64170921053756	130.7000444470358	128.05086970478868	129.4940071011307	0.7574751816320145	0.7427624387387769	0.9381904036035723	0.13591705236837243	0.2708712551550008	0.9149316803491545	0.9060888546083485	1.165422871112658
39324.03778555486	129.69384776015406	1.8562419044904568	0.08021253852200516	128.89328134278088	130.9094812633522	128.29104014900827	129.73007156137723	0.7544085017156225	0.7397553447268805	0.9381849304613764	0.13537293917654886	0.27187481634081206	0.9109261372773002	0.9021964223485844	1.1654229353567058
44190.187230777105	129.9241146280255	1.8363962969777605	0.078814465208211	129.13847666403132	131.11370483826244	128.52510551752547	129.96014559078415	0.7513785058968204	0.7367842248235604	0.9381796031959792	0.13483890630593737	0.2728547114537648	0.9069733722118447	0.8983543583591341	1.165422997961849
49658.49789231113	130.1485817124622	1.8172779260556131	0.07744983122987037	129.37750274660723	131.31288008725826	128.75326513369728	130.1844242773858	0.7483843996159166	0.7338482999892624	0.9381744167380447	0.13431468002746041	0.2738116351021561	0.9030722285715923	0.8945615777940975	1.1654230589857624
55803.4841545817	130.3674364220731	1.7988553937436886	0.07611729020771918	129.61055951645702	131.50716409816786	128.9757103168554	130.40309490257212	0.7454254128251151	0.730946815104573	0.9381693661924093	0.13379999810837323	0.2747462577689559	0.8992215851180454	0.8908170284002737	1.1654231184837678
62708.88117767275	130.58085828182982	1.7811003814112818	0.07481591215844219	129.83783742688126	131.6967099822122	129.19262431328664	130.61633686878938	0.7425007988696073	0.7280790381198393	0.9381644469264652	0.13329460650437364	0.27565922490547246	0.8954203545707499	0.8871196892642239	1.1654231765089138
70468.7859213646	130.78901969335647	1.7639840050364202	0.07354464611617573	130.0595208301904	131.88166195279305	129.40418307378084	130.82432245930028	0.7396098337054297	0.7252442590799265	0.9381596544801458	0.13279826117072363	0.276551159533608	0.8916674822890461	0.8834685696179149	1.165423233112155
79188.93936508606	130.99208614482714	1.7474801016628436	0.07230230023341733	130.27578495733502	132.0621607698505	129.61055547104942	131.02721704804085	0.7367518149765977	0.7224417892950388	0.9381549845932337	0.13231072676359393	0.27742266260638104	0.8879619450168448	0.8798627076997065	1.1654232883423647
88988.1673960567	131.1902164752968	1.7315617374866537	0.07108822338639698	130.48679817272102	132.23833841098227	129.81190357226544	131.22517936384105	0.7339260611473941	0.7196709605207547	0.9381504331946102	0.13183177579415473	0.2782743136192174	0.8843027496865239	0.8763011696676748	1.1654233422465423
100000.00000000001	131.3835634025989	1.7162087774700203	0.06990137174179267	130.69272395219375	132.4103311081236	130.00838317922572	131.41836201796986	0.7311319107397837	0.7169311241406903	0.9381459963510475	0.1313611895406355	0.2791066723724588	0.8806889322783946	0.8727830485623654	1.1654233948699841