91.18759999999997	71.45153822508675	6.820877757529053	0.14151831143242077	69.10508976469646	77.77068562194812	71.06164870707858	74.01917323806947	0.9958258916087727	0.9764835925319124	0.9396798646314117	0.12258357374009225	0.0865390002666907	1.2149421723132159	1.214942122877849	1.1654066328250154
102.47160118957655	75.76279189864512	5.581024403506652	0.21071462172180588	73.99307792493495	81.0753148631176	74.66516821237985	77.47303549079489	0.9885429551828139	0.9693421863822957	0.9395768718637832	0.1238944033387855	0.09503502790042882	1.2054655588735654	1.2054655107097436	1.165407696856742
115.15194007031249	79.13106765808018	4.835741136327816	0.1744908703661423	77.78762521935798	83.69154533869931	77.522827731282	80.22043600272907	0.9814500755704718	0.9623871305566707	0.9394956336359551	0.12407970913898128	0.10207471585998187	1.1962119003965725	1.196211853549587	1.1654085411739372
129.4014063215951	81.82695667575841	4.415270635950504	0.16511793508385608	80.82317368783558	85.77846675441128	79.85713869254485	82.46962717060798	0.9745337893673885	0.9556052179734709	0.9394296368607354	0.12345731771348688	0.10802364913827438	1.187172548745126	1.1871725033068186	1.1654092304399375
145.4141714658226	84.03189047042791	4.103647929574093	0.15813294322298077	83.27536534812651	87.48805022177127	81.81945152141894	84.36353719689892	0.9677831237170791	0.9489856954158211	0.939374447778604	0.122272748441847	0.11316270954611607	1.1783393030221827	1.1783392590248358	1.1654098091955298
163.40843476260451	85.9077618855929	3.852078384969412	0.15166692644216084	85.33087520753404	88.95604373933195	83.55266409057168	86.03856110750525	0.961187780647416	0.9425184694667372	0.9393259444008188	0.12081439076723485	0.11780678379749539	1.1697043972535872	1.1697043547072368	1.1654103196546732
183.62939651889675	87.52321758627266	3.6019711707161868	0.145805528163919	87.07967283335547	90.23657669351547	85.15427717549551	87.58814992179013	0.9547391506750453	0.9361951013586491	0.9392813403053856	0.11929541804451765	0.12218583190793571	1.1612604599504313	1.1612604188513933	1.1654107906061388
206.35259933112627	89.0038946380678	3.366200236862841	0.1405167619281258	88.65231582043448	91.44140671821346	86.68229198175483	89.06800958337915	0.9484300953737727	0.9300085935076577	0.9392389905125561	0.11784768087591324	0.12644209993059635	1.1530004898085358	1.153000450144351	1.1654112391384286
231.88768278901577	90.44435687807243	3.1731029309768997	0.1357251908844006	90.16236723208567	92.65438503867333	88.16743840348332	90.5076650447192	0.9422545598433472	0.9239530099717386	0.9391980291829449	0.1165410131494601	0.13065239122724884	1.1449178351032534	1.1449177968550315	1.165411674272429
260.5826028048884	91.85772171573942	3.0143307038638305	0.13141560045684741	91.62247682624748	93.88108613041122	89.62340167651136	91.92022689729141	0.9362072520246985	0.9180231621674769	0.9391580720746159	0.11540347505714893	0.13485023896834897	1.1370061740304727	1.1370061371736566	1.1654121000010476
292.8283730634907	93.24759510694571	2.8828823332004925	0.1275436223032358	93.04331805051675	95.11822154155715	91.05402101674214	93.30929940963253	0.930283414477797	0.9122143854652577	0.939119009454638	0.11443718202847222	0.13904281857210898	1.1292594956549615	1.1292594601598245	1.165412517427586
329.06439320208625	94.61262861202205	2.7730086882067004	0.1240560619993687	94.42983887934504	96.3582620382421	92.4580193374358	94.67353528148084	0.9244786709587268	0.9065223887654281	0.9390808713783281	0.11362958003633081	0.14322274432340779	1.1216720815992345	1.1216720474314963	1.1654129261679367
369.78443632570867	95.9493685097883	2.6800902180627313	0.12090073664008116	95.78071353115146	97.59236159132348	93.83195090549219	96.00948325449195	0.9187889265299785	0.9009431566565153	0.9390437447647217	0.11296105010485429	0.14737585598922787	1.1142384886170544	1.114238455738511	1.165413325221179
415.5433774469379	97.25392245334461	2.600481999768913	0.11803048162215646	97.09383719375019	98.8120534804184	95.17191997169573	97.31325384111312	0.9132103047169889	0.8954728880083538	0.9390077260192218	0.11240975389030859	0.15148606133640144	1.1069535321365098	1.106953500505567	1.1654137134738922
466.96475453583935	98.52283951760525	2.5313465182615897	0.11540441327382212	98.36721774197319	100.01010468274333	96.47448468406643	98.58139884461099	0.9077391094016845	0.8901079583602287	0.9389728965125377	0.11195449297692225	0.155538106759472	1.099812270806026	1.0998122403783255	1.1654140899622414
524.7492652113341	99.75349326014457	2.470494359686674	0.11298781176536465	99.59938862969692	101.18083033633582	97.73704805826739	99.81129415760603	0.9023718022289835	0.884844898092698	0.93893931290452	0.11157620403775731	0.15951895809516312	1.092809992040561	1.0928099627692103	1.1654144539821463
589.6843148548616	100.94417232604378	2.416244652682985	0.11075156426846888	100.78953946667201	102.32009100236739	98.9579482657316	101.0012302701839	0.8971049895804449	0.8796803794351378	0.9389070053956591	0.1112585706189251	0.16341830429385656	1.085942198538766	1.0859421703745735	1.1654148051111943
662.6547462544916	102.09401558656405	2.3672377104168123	0.10867135551565354	101.93749452186472	103.42499864454675	100.13638986212578	102.15034740784537	0.8919354145590439	0.8746112086950317	0.9388759803458462	0.1109881033755371	0.16722854997133388	1.0792045957261833	1.079204568617647	1.1654151431844801
744.6548969878614	103.20275024771439	2.3225963977778687	0.10659893845249258	103.0434541866288	104.4941972013044	101.27230501590029	103.25850172889695	0.8868599516501116	0.8696343210521665	0.9388462246644739	0.11075393223242355	0.17094454383976201	1.0725930800688859	1.0725930539620827	1.1654154682507165
836.8021488448578	104.27105326612617	2.2815581364546085	0.10490175613902863	104.10545312665649	105.52685078487951	102.3661962841154	104.32611281636308	0.8818756024526595	0.8647467763117287	0.9388177104332998	0.11054746721698644	0.17456319792308117	1.0661037281983297	1.066103703036671	1.165415780523838
940.352153922364	105.2996330516982	2.2435031903564364	0.10318121287261306	105.12771568638811	106.52294078652858	103.41898828166754	105.35401926093274	0.8769794916334809	0.8599457550540942	0.9387903992669816	0.11036202341459046	0.1780830889616607	1.0597327867873019	1.0597327625113384	1.1654160803381717
1056.7159448707039	106.28962272714045	2.2079773534914806	0.10155368604483783	106.11147970661123	107.48295047145383	104.43190022682369	106.3433541871986	0.872168862932911	0.855228554485742	0.938764245767377	0.11019246198759047	0.18150408938949397	1.053476663118774	1.053476639665922	1.1654163681099523
1187.4791624459615	107.24234919573192	2.1746257195036947	0.10000930230404492	107.05822904934382	108.40771518375284	105.40634289566349	107.29544432421116	0.8674410746834174	0.8505925843669133	0.9387392005153407	0.11003487273572124	0.18482704942513767	1.0473319162933552	1.0473318935977314	1.1654166443068856
1334.4236623739957	108.15925419253175	2.143168485563949	0.09853956284544552	107.96950661734732	109.29830482264119	106.34383831192429	108.21173110455727	0.8627935955723066	0.8460353624552249	0.9387152120713591	0.1098863044853072	0.1880535333772053	1.0412952490240426	1.0412952270165032	1.165416909424387
1499.5517959538606	109.04183553743715	2.113382963317989	0.09713742725331542	108.84577266631749	110.15593576197166	107.245960196737	109.09371195533234	0.8582239997756895	0.8415545101785878	0.93869222875956	0.10974454707814275	0.19118561127237113	1.0353634999725372	1.0353634785807881	1.1654171639681903
1685.1136952622649	109.8916035425423	2.0850900215579053	0.09579654378242708	109.68830555971304	110.98190478929551	108.1142899547563	109.94289673535519	0.8537299624697853	0.83714774780245	0.9386701995235441	0.1096079539794072	0.19422569345854285	1.0295336365833136	1.0295336157331394	1.1654174084417273
1893.6379347631528	110.7100511849434	2.0581437692721467	0.09451159316921576	110.50014517007962	111.77754206547938	108.95038672972295	110.76077793025371	0.849309255163493	0.8328128900885357	0.9386490748957836	0.10947530697820904	0.19717640790206842	1.0238027483758076	1.0238027279949788	1.1654176433368764
2127.9659871353474	111.49863297503438	2.0324239668016175	0.09327757698596884	111.28273819604338	112.54417734025506	109.75576632460329	111.54880953790273	0.8449597414122522	0.828547841611602	0.938628807273434	0.10934570777452561	0.20004050484343294	1.0181680406437308	1.0181680206850123	1.1654178691250057
2391.290942833422	112.25875719814753	2.0078273621404428	0.09209329660500032	112.03746881787828	113.28311716021548	110.53189374544723	112.30839931814214	0.840679364518334	0.8243505938044055	0.9386093526436639	0.10921852090690418	0.20282080947743328	1.0126268291508647	1.0126268090928436	1.165418086346423
2687.201020997076	112.99176405669886	1.9842706534800405	0.0909527591496726	112.76398205071202	113.99562960854614	111.28016130486756	113.04088695447264	0.8364661634168612	0.8202192167951687	0.9385906666451018	0.10909325213721308	0.20552011869536949	1.0071765330095876	1.0071765127929821	1.1654182953582513
3019.728464613997	113.69893418927415	1.9616804369020384	0.08985321948730984	113.46503800320878	114.68293485524468	112.0018977059027	113.74755256979654	0.8323182496838336	0.8161518596274947	0.9385727089685114	0.10896955651644985	0.20814121483192302	1.0018146711049152	1.0018146506219585	1.1654184965806227
3393.404486210163	114.38148270449508	1.9399929971815373	0.08879194802761958	114.14211749162112	115.34619950015201	112.69836228893034	114.42961076796776	0.8282338102945113	0.8121467446479511	0.9385554415110536	0.10884718427584433	0.21068682371508024	0.9965388566101605	0.9965388357447547	1.1654186904042783
3813.321012789544	115.04055991785962	1.9188282773143472	0.08776656140497607	114.79632957080963	115.98653433461807	113.37111858595854	115.08821137326606	0.824211103513774	0.8082021640344389	0.938538828485333	0.10872595644915965	0.2131595997106673	0.9913467924453035	0.9913467710768951	1.1654188771969667
4285.200071395698	115.6772527355113	1.8987876060692377	0.08677475166042825	115.42759316611497	116.60499347244122	114.02054168707743	115.72444081613536	0.8202484552396547	0.8043164763728141	0.9385228363536358	0.10860574464571982	0.21556211447997795	0.9862362669682523	0.9862362449731922	1.16541905730479
4815.471760783319	116.29258741185633	1.8795025772052565	0.08581463138690992	116.03770797318985	117.20258210351436	114.64806936729877	116.3393248915242	0.8163442558328183	0.8004881032791156	0.938507433604268	0.10848645853872377	0.2178968522387168	0.9812051499151686	0.9812051271676651	1.1654192310532199
5411.36187168712	116.88753193091894	1.8609305387954125	0.0848842415240938	116.62802209649581	117.78023968338499	115.25470146240471	116.93383114110503	0.8124969567589653	0.7967155264564594	0.938492590777227	0.10836803330802817	0.22016620508300835	0.9762513885750242	0.9762513649476195	1.1654193987482944
6080.990349652838	117.4629996007983	1.8430350140364653	0.08398202883147121	117.19940630775639	118.33885928660517	115.84138069558577	117.50887244739737	0.8087050677231108	0.792997284649926	0.9384782802092736	0.10825042435991303	0.2223724741041286	0.9713730041818558	0.9713729795460884	1.1654195606777504
6833.481942142236	118.01985188949028	1.8257825454317782	0.08310648225597106	117.7526821087862	118.87928444810125	116.40899572570571	118.06530986964161	0.8049671539295177	0.7893319708981105	0.9384644759133858	0.10813360025241059	0.22451786890350564	0.9665680885108476	0.9665680627379434	1.1654197171121994
7679.0905376539395	118.55890162800654	1.8091421808702552	0.08225618679074387	118.28862516011121	119.40231167892587	116.9583845501182	118.60395584656507	0.801281833225291	0.7857182300846218	0.938451153611374	0.10801753890003626	0.2266045097003016	0.9618348006648816	0.9618347736261237	1.1654198683062096
8629.33889117737	119.08091616045098	1.7930852668606505	0.08142988329072409	118.80796786132157	119.90869352966936	117.49033783756254	119.12557734582778	0.7976477738269416	0.7821547563016257	0.9384382904265459	0.10790222512226458	0.22863443011414172	0.9571713640381996	0.9571713356057109	1.1654200144994566
9697.175639960153	119.58662025287896	1.7775851074205404	0.08062641629484801	119.311402444867	120.39914108056571	118.00560199912648	119.6308987723872	0.7940636918473278	0.7786402906750782	0.9384258649170975	0.10778764846202595	0.2306095801118361	0.9525760634467636	0.9525760334940382	1.165420155917654
10897.15174917723	120.07669874294439	1.7626168255363763	0.07984462845467988	119.79958373964605	120.87432656773294	118.50488198301751	120.12060461760164	0.7905283490576842	0.7751736190929853	0.938413856884824	0.10767380110050917	0.2325318286780628	0.9480472424138308	0.9480472108164968	1.16542029277361
12245.618791853123	120.55179945988603	1.7481570495817207	0.07908362669961377	120.2731314418538	121.33488587950434	118.98884433275933	120.59534237839233	0.7870405508741822	0.7717535702300363	0.9384022473588237	0.10756067833019158	0.23440296839695887	0.9435833006012646	0.943583267237633	1.1654204252680254
13760.951764914917	121.01253528923799	1.7341838852621259	0.07834242009040793	120.73263250391017	121.78142076941454	119.45811936475815	121.05572462159319	0.7835991443223913	0.7683790135399668	0.9383910184500144	0.10744827598054565	0.23622471729763772	0.9391826913772071	0.9391826561290524	1.1654205535903928
15463.799477597433	121.45948669446305	1.7206767345864387	0.07762013003177515	121.17864330632098	122.21450119011578	119.91330380220829	121.50233150481556	0.7802030161199224	0.7650488574974428	0.9383801533484496	0.10733659112368149	0.23799872318040868	0.9348439195118888	0.9348438822650037	1.1654206779197192
17377.365924138194	121.89320378414857	1.7076161209511538	0.07691596347724783	121.61169160953887	122.63466714750736	120.35496293911521	121.93571284305159	0.7768510910323569	0.7617620477763282	0.938369636161712	0.10722562152213325	0.23972656663006287	0.9305655389931445	0.9305654996381759	1.165420798425299
19527.72647491139	122.31420827138456	1.694983629777823	0.07622919491632274	122.03227840560645	123.04243068744348	120.78363268750635	122.35639006748983	0.773542330118544	0.7585175656373306	0.9383594518740138	0.10711536539152591	0.24140976415530394	0.9263461509549453	0.9263461093880564	1.1654209152673158
21944.183194603786	122.72299515983514	1.682761952479877	0.07555902645586343	122.44087956888956	123.43827783452701	121.19982134046995	122.7648579111611	0.7702757291119872	0.7553144264299458	0.9383495863450184	0.10700582055721447	0.24304977070085218	0.9221844017117733	0.9221843578353097	1.1654210285974858
24659.66412920673	123.12003473107784	1.670934552008087	0.0749048990218597	122.83794761079524	123.82266995356875	121.60401163718724	123.16158639549522	0.7670503170223446	0.7521516780613522	0.9383400261852693	0.10689698595525932	0.24464798371270696	0.9180789808923646	0.9180789346155624	1.1654211385595978
27711.172002739124	123.50577378822042	1.6594857993768886	0.07426615063903341	123.22391275319447	124.19604542189902	121.99666206602348	123.54702207368865	0.7638651546655367	0.7490283996256168	0.9383307587245807	0.1067888599270729	0.24620574462540948	0.9140286196671901	0.9140285709068783	1.1654212452900863
31140.28843790656	123.88063724152099	1.6484008644267603	0.07364218035483816	123.59918468745171	124.5588210827542	122.37820851198569	123.92158961573583	0.7607193332955825	0.7459437000548753	0.9383217719388119	0.10668144093157886	0.2477243420242336	0.9100320890640499	0.9100320377453374	1.1654213489183949
34993.74057149808	124.24502950503039	1.6376656232557683	0.07303248721142097	123.9641536003735	124.91139352790303	122.7490657078031	124.2856932046145	0.757611973337289	0.7428967169828676	0.9383130545176154	0.10657472782523957	0.24920501442064102	0.9060881983667108	0.9060881444235174	1.1654214495675812
39324.03778555486	124.59933563045335	1.6272666052765563	0.07243655905168112	124.31919131338819	125.25414019532472	123.10962841543696	124.63971766974099	0.7545422232296572	0.7398866153773177	0.93830459563921	0.10646871932701407	0.2506489520715362	0.9021957935914062	0.902195736967205	1.1654215473545628
44190.187230777105	124.94392240792467	1.6171910925017252	0.07185383780158361	124.66465256047863	125.5874208057816	123.46027256998363	124.98402958744818	0.7515092581996508	0.7369125865916404	0.9382963851170948	0.1063634136953968	0.25205729909351776	0.8983537560374522	0.898353696685785	1.1654216423906494
49658.49789231113	125.27913964509429	1.607426840996692	0.07128390164896814	125.00087560543753	125.91157804630052	123.80135660356339	125.31897855947769	0.7485122792692299	0.7339738471700887	0.9382884132318552	0.10625880991444711	0.2534311563621632	0.8945610009069911	0.8945609387920463	1.1654217347817575
55803.4841545817	125.60532099695676	1.597962231972492	0.07072635016066897	125.32818365840876	126.22693884472041	124.1332223093165	125.64489804259367	0.7455505121144422	0.7310696378678176	0.9382806707462898	0.10615490680785378	0.2547715828677068	0.8908164759905991	0.8908164110878014	1.1654218246288373
62708.88117767275	125.9227848901418	1.5887861738865865	0.07018068396547505	125.64688536107832	126.53381512353364	124.45619579969612	125.9621062725329	0.7426232061242051	0.7281992227022818	0.9382731488836767	0.10605170303168615	0.25607959761233806	0.887119160414717	0.8871190927111391	1.1654219120281304
70468.7859213646	126.23183554798499	1.5798880488499618	0.06964667641994993	125.95727568182532	126.83250476038918	124.7705885653812	126.27090728864022	0.7397296334589347	0.7253618880830207	0.9382658393538594	0.10594919800550534	0.25735618211537037	0.8834680634476378	0.8834679929423349	1.1654219970714412
79188.93936508606	126.53276341159582	1.5712577561864327	0.06912380732936185	126.25963665604147	127.1232921725755	125.07669791896446	126.5715913548728	0.7368690882079849	0.7225569417655429	0.9382587341568603	0.10584738980834954	0.2586022804468252	0.879862223360571	0.8798621500652299	1.1654220798464459
88988.1673960567	126.82584644285129	1.5628855723277226	0.06861187716393147	126.55423862088972	127.4064493331475	125.37480833309337	126.8644362621279	0.7340408854639365	0.7197837122232053	0.9382518257585701	0.10574627829376165	0.2598188032498192	0.8763007063414271	0.8763006302804471	1.1654221604368575
100000.00000000001	127.111350220995	1.554762331811137	0.06811032068677036	126.8413392467578	127.68223638345259	125.66519155130027	127.14970742501097	0.7312443605145019	0.7170415477386425	0.9382451069637652	0.10564586168739094	0.261006626717298	0.8727826054577607	0.8727825266686147	1.1654222389227304