   -3.5000000000   1.00230121E+02                -   1.00954672E+02   1.01722328E+02   1.00969280e+02   1.02145282E+02   1.14974375E+02   4.13124449E+00          101.796          2.08431   1.05481805E+02   1.03942714E+02   1.00516241E+02   1.01156775E+02   1.02415816E+02   1.00549578E+02
   -3.3833333334   1.04280269E+02                -   1.05941832E+02   1.06000280E+02   1.05961513e+02   1.07384145E+02   1.16971172E+02   3.74045722E+00          106.038          1.81397   1.09776336E+02   1.08091067E+02   1.05351810E+02   1.06113015E+02   1.06854351E+02   1.05613987E+02
   -3.2666666667   1.07630148E+02                -   1.09980835E+02   1.09458818E+02   1.10003421e+02   1.11609131E+02   1.18553916E+02   3.43896964E+00          109.473          1.61132   1.13292056E+02   1.11497152E+02   1.09255594E+02   1.10099037E+02   1.10471461E+02   1.09707418E+02
   -3.1500000000   1.10384048E+02                -   1.13238493E+02   1.12242942E+02   1.13262604e+02   1.15003326E+02   1.19780744E+02   3.19960702E+00          112.241          1.51309   1.16150092E+02   1.14274547E+02   1.12395932E+02   1.13293670E+02   1.13400575E+02   1.13003580E+02
   -3.0333333334   1.12624545E+02                -   1.15840916E+02   1.14462825E+02   1.15865667e+02   1.17703946E+02   1.20701790E+02   3.00724452E+00           114.45          1.43542   1.18445182E+02   1.16512527E+02   1.14899222E+02   1.15828342E+02   1.15744576E+02   1.15633279E+02
   -2.9166666667   1.14418881E+02                -   1.17887164E+02   1.16205044E+02   1.17911979e+02   1.19818021E+02   1.21359684E+02   2.85108087E+00          116.185          1.36471   1.20253861E+02   1.18283507E+02   1.16864203E+02   1.17808174E+02   1.17585833E+02   1.17713173E+02
   -2.8000000000   1.15823391E+02                -   1.19457940E+02   1.17539517E+02   1.19481949e+02   1.21431719E+02   1.21789236E+02   2.72239564E+00          117.514          1.29931   1.21639629E+02   1.19647769E+02   1.18369625E+02   1.19315486E+02   1.18992118E+02   1.19285814E+02
   -2.6833333334   1.16886190E+02                -   1.20618886E+02   1.18524023E+02   1.20642288e+02   1.22616209E+02   1.22019591E+02   2.61434223E+00          118.496          1.23826   1.22656370E+02   1.20656615E+02   1.19481286E+02   1.20418443E+02   1.20020583E+02   1.20459026E+02
   -2.5666666667   1.17649184E+02                -   1.21426856E+02   1.19207255E+02   1.21449502e+02   1.23431548E+02   1.22075625E+02   2.52154313E+00          119.178          1.18104   1.23350699E+02   1.21354529E+02   1.20254266E+02   1.21174738E+02   1.20720410E+02   1.21276673E+02
   -2.4500000000   1.18149466E+02                -   1.21930512E+02   1.19630968E+02   1.21952305e+02   1.23929332E+02   1.21980768E+02   2.44048606E+00          119.602          1.12736   1.23763610E+02   1.21780720E+02   1.20735811E+02   1.21632293E+02   1.21134672E+02   1.21789012E+02
   -2.3333333334   1.18420343E+02                -   1.22172458E+02   1.19831513E+02   1.22193336e+02   1.24155361E+02   1.21752000E+02   2.36643235E+00          119.804          1.07709   1.23931679E+02   1.21970214E+02   1.20967093E+02   1.21834424E+02   1.21301657E+02   1.22036824E+02
   -2.2166666667   1.18492094E+02                -   1.22190484E+02   1.19840980E+02   1.22210407e+02   1.24148018E+02   1.21405964E+02   2.29732569E+00          119.815          1.03016   1.23887951E+02   1.21954722E+02   1.20984492E+02   1.21818743E+02   1.21255844E+02   1.22059212E+02
   -2.1000000000   1.18392544E+02                -   1.22018492E+02   1.19688045E+02   1.22037437e+02   1.23943569E+02   1.20957472E+02   2.23131425E+00          119.664         0.986555   1.23662605E+02   1.21763235E+02   1.20820542E+02   1.21618817E+02   1.21028630E+02   1.21890193E+02
   -1.9833333334   1.18147495E+02                -   1.21687196E+02   1.19398619E+02   1.21705151e+02   1.23574214E+02   1.20421869E+02   2.16692461E+00          119.378         0.946191   1.23283459E+02   1.21422508E+02   1.20504653E+02   1.21264922E+02   1.20648874E+02   1.21560520E+02
   -1.8666666667   1.17781062E+02                -   1.21224658E+02   1.18996346E+02   1.21241626e+02   1.23069309E+02   1.19814057E+02   2.10308442E+00          118.979         0.909063   1.22776360E+02   1.20957423E+02   1.20063653E+02   1.20784623E+02   1.20143312E+02   1.21098269E+02
   -1.7500000000   1.17315919E+02                -   1.20656706E+02   1.18502984E+02   1.20672698e+02   1.22455821E+02   1.19147963E+02   2.03910635E+00          118.489         0.875313   1.22165480E+02   1.20391266E+02   1.19522214E+02   1.20203208E+02   1.19536870E+02   1.20528638E+02
   -1.6333333334   1.16773492E+02                -   1.20007246E+02   1.17938704E+02   1.20022281e+02   1.21758668E+02   1.18437261E+02   1.97462029E+00          117.929         0.844551   1.21473538E+02   1.19745943E+02   1.18903167E+02   1.19544031E+02   1.18852894E+02   1.19876786E+02
   -1.5166666667   1.16174083E+02                -   1.19298507E+02   1.17322307E+02   1.19312617e+02   1.21001026E+02   1.17695476E+02   1.90953571E+00          117.317         0.816789   1.20721966E+02   1.19042129E+02   1.18227751E+02   1.18829013E+02   1.18113321E+02   1.19164273E+02
   -1.4000000000   1.15536969E+02                -   1.18551225E+02   1.16671398E+02   1.18564448e+02   1.20204379E+02   1.16936051E+02   1.84400853E+00           116.67         0.791896   1.19930961E+02   1.18299386E+02   1.17515796E+02   1.18077860E+02   1.17338794E+02   1.18411822E+02
   -1.2833333334   1.14880443E+02                -   1.17784771E+02   1.16002499E+02   1.17797154e+02   1.19388867E+02   1.16172365E+02   1.77841138E+00          116.005         0.769725   1.19119848E+02   1.17536160E+02   1.16785849E+02   1.17309656E+02   1.16548727E+02   1.17638813E+02
   -1.1666666667   1.14221799E+02                -   1.17017239E+02   1.15331130E+02   1.17028836e+02   1.18573254E+02   1.15417706E+02   1.71330538E+00          115.338          0.75012   1.18306661E+02   1.16770102E+02   1.16055267E+02   1.16541989E+02   1.15761335E+02   1.16863364E+02
   -1.0500000000   1.13577456E+02                -   1.16265499E+02   1.14671848E+02   1.16276371e+02   1.17775017E+02   1.14685186E+02   1.64940695E+00          114.684         0.732917   1.17508474E+02   1.16017634E+02   1.15340259E+02   1.15791245E+02   1.14993632E+02   1.16102378E+02
    -.9333333334   1.12962701E+02                -   1.15545213E+02   1.14038259E+02   1.15555427e+02   1.17010365E+02   1.13987724E+02   1.58758344E+00          114.054         0.717955   1.16741291E+02   1.15294230E+02   1.14655912E+02   1.15072630E+02   1.14261393E+02   1.15371570E+02
    -.8166666667   1.12391773E+02                -   1.14870830E+02   1.13443004E+02   1.14880418e+02   1.16294236E+02   1.13337909E+02   1.52882024E+00          113.463         0.705077   1.16019999E+02   1.14614302E+02   1.14016134E+02   1.14400161E+02   1.13579060E+02   1.14685454E+02
    -.7000000000   1.11877740E+02                -   1.14255552E+02   1.12897720E+02   1.14264626e+02   1.15640260E+02   1.12747690E+02   1.47414652E+00          112.921         0.694137   1.15358312E+02   1.13991127E+02   1.13433782E+02   1.13786599E+02   1.12959805E+02   1.14057308E+02
    -.5833333334   1.11432399E+02                -   1.13711286E+02   1.12412981E+02   1.13719927e+02   1.15060715E+02   1.12228210E+02   1.42460485E+00           112.44         0.684995   1.14768676E+02   1.13436775E+02   1.12920370E+02   1.13243553E+02   1.12415229E+02   1.13499130E+02
    -.4666666667   1.11066176E+02                -   1.13248546E+02   1.11998231E+02   1.13256871e+02   1.14566459E+02   1.11789598E+02   1.38120835E+00          112.028         0.677526   1.14262185E+02   1.12962018E+02   1.12486178E+02   1.12781182E+02   1.11955400E+02   1.13021570E+02
    -.3500000000   1.10788011E+02                -   1.12876534E+02   1.11661700E+02   1.12884587e+02   1.14166857E+02   1.11440720E+02   1.34489361E+00          111.694         0.671614   1.13848471E+02   1.12576229E+02   1.12140086E+02   1.12408280E+02   1.11588727E+02   1.12633853E+02
    -.2333333334   1.10605215E+02                -   1.12602832E+02   1.11410320E+02   1.12610699e+02   1.13869706E+02   1.11188946E+02   1.31647955E+00          111.444         0.667149   1.13535611E+02   1.12287294E+02   1.11889558E+02   1.12132160E+02   1.11321859E+02   1.12343706E+02
    -.1166666667   1.10523519E+02                -   1.12433488E+02   1.11249638E+02   1.12441258e+02   1.13681157E+02   1.11041005E+02   1.29684125E+00          111.284         0.664025   1.13330024E+02   1.12101511E+02   1.11740527E+02   1.11958579E+02   1.11159613E+02   1.12157284E+02
               0   1.10546770E+02                -   1.12372860E+02   1.11183735E+02   1.12380678e+02   1.13605607E+02   1.11054573E+02   1.28435480E+00          111.219         0.663373   1.13236387E+02   1.12023511E+02   1.11697330E+02   1.11891669E+02   1.11104904E+02   1.12079096E+02
     .1166666666   1.10677008E+02                -   1.12423820E+02   1.11215155E+02   1.12431675e+02   1.13645860E+02   1.11064579E+02   1.28450153E+00           111.25         0.661342   1.13257567E+02   1.12056118E+02   1.11762640E+02   1.11933876E+02   1.11158716E+02   1.12111952E+02
     .2333333333   1.10914423E+02                -   1.12587187E+02   1.11344844E+02   1.12595233e+02   1.13802646E+02   1.11236946E+02   1.29226438E+00          111.379         0.661517   1.13394492E+02   1.12200572E+02   1.11937417E+02   1.12085913E+02   1.11320080E+02   1.12256911E+02
     .3500000000   1.11257193E+02                -   1.12862267E+02   1.11572104E+02   1.12870569e+02   1.14075038E+02   1.11512948E+02   1.30912900E+00          111.604         0.662485   1.13646407E+02   1.12456096E+02   1.12220869E+02   1.12346732E+02   1.11586093E+02   1.12513264E+02
     .4666666666   1.11701694E+02                -   1.13246422E+02   1.11894569E+02   1.13255129e+02   1.14460222E+02   1.11887623E+02   1.33473004E+00          111.925          0.66404   1.14010450E+02   1.12820146E+02   1.12610428E+02   1.12713503E+02   1.11951953E+02   1.12878509E+02
     .5833333333   1.12242386E+02                -   1.13735364E+02   1.12308192E+02   1.13744634e+02   1.14953553E+02   1.12354424E+02   1.36852857E+00          112.335         0.665932   1.14481937E+02   1.13288355E+02   1.13101784E+02   1.13181658E+02   1.12411024E+02   1.13348365E+02
     .7000000000   1.12871894E+02                -   1.14323019E+02   1.12807247E+02   1.14332941e+02   1.15548578E+02   1.12905411E+02   1.40983295E+00          112.831          0.67634   1.15054325E+02   1.13854562E+02   1.13688734E+02   1.13744738E+02   1.12954913E+02   1.13916782E+02
     .8166666666   1.13581062E+02                -   1.15001597E+02   1.13384352E+02   1.15012311e+02   1.16237077E+02   1.13531474E+02   1.45783098E+00          113.404         0.695328   1.15719261E+02   1.14510854E+02   1.14363425E+02   1.14394655E+02   1.13573564E+02   1.14575971E+02
     .9333333333   1.14359063E+02                -   1.15761639E+02   1.14030492E+02   1.15773304e+02   1.17009109E+02   1.14222554E+02   1.51162695E+00          114.046         0.714974   1.16466650E+02   1.15247621E+02   1.15116226E+02   1.15121560E+02   1.14255391E+02   1.15316440E+02
    1.0500000000   1.15193319E+02                -   1.16592074E+02   1.14735051E+02   1.16604886e+02   1.17853081E+02   1.14967855E+02   1.57027936E+00          114.746         0.734293   1.17284708E+02   1.16053614E+02   1.15935787E+02   1.15913914E+02   1.14987239E+02   1.16127021E+02
    1.1666666666   1.16069784E+02                -   1.17480314E+02   1.15485846E+02   1.17494549e+02   1.18755850E+02   1.15756038E+02   1.63283549E+00          115.493         0.752051   1.18160034E+02   1.16916030E+02   1.16809122E+02   1.16758512E+02   1.15754679E+02   1.16994909E+02
    1.2833333333   1.16972858E+02                -   1.18412457E+02   1.16269141E+02   1.18428592e+02   1.19702949E+02   1.16575357E+02   1.69835385E+00          116.271         0.766781   1.19077696E+02   1.17820579E+02   1.17721413E+02   1.17640354E+02   1.16541951E+02   1.17905694E+02
    1.4000000000   1.17885463E+02                -   1.19374240E+02   1.17069667E+02   1.19393152e+02   1.20679365E+02   1.17413977E+02   1.76597667E+00          117.067         0.776806   1.20021343E+02   1.18751685E+02   1.18656470E+02   1.18543446E+02   1.17332059E+02   1.18843427E+02
    1.5166666666   1.18789058E+02                -   1.20353284E+02   1.17870604E+02   1.20382072e+02   1.21674725E+02   1.18260057E+02   1.83494997E+00          117.863         0.787902   1.20973417E+02   1.19693111E+02   1.19597198E+02   1.19450428E+02   1.18106801E+02   1.19790828E+02
    1.6333333333   1.19663628E+02                -   1.21349907E+02   1.18653542E+02   1.21219117e+02   1.22650170E+02   1.19101763E+02   1.90462819E+00          118.641         0.841674                -                -   1.20535540E+02   1.20355683E+02   1.18846779E+02   1.20730765E+02
    1.7500000000   1.20487633E+02                -   1.22202225E+02   1.19398405E+02   1.22126968e+02   1.23534447E+02   1.19927327E+02   1.97450334E+00          119.382         0.894756                -                -   1.21393294E+02   1.21175006E+02   1.19531366E+02   1.21616401E+02
    1.8666666666   1.21237918E+02                -   1.23029474E+02   1.20083329E+02   1.22975093e+02   1.24374301E+02   1.20725055E+02   2.04422811E+00          120.063         0.949098                -                -   1.22203230E+02   1.21946820E+02   1.20138641E+02   1.22455872E+02
    1.9833333333   1.21889579E+02                -   1.23777354E+02   1.20684479E+02   1.23736417e+02   1.25128861E+02   1.21483285E+02   2.11363663E+00           120.66          1.00391                -                -   1.22923488E+02   1.22627886E+02   1.20645272E+02   1.23210829E+02
    2.1000000000   1.22415752E+02                -   1.24411538E+02   1.21175801E+02   1.24380843e+02   1.25764449E+02   1.22190306E+02   2.18276212E+00          121.148          1.05811                -                -   1.23522598E+02   1.23187035E+02   1.21026347E+02   1.23851723E+02
    2.2166666666   1.22787351E+02                -   1.24896874E+02   1.21528670E+02   1.24874695e+02   1.26245425E+02   1.22833106E+02   2.25189107E+00          121.498          1.11025                -                -   1.23966363E+02   1.23590588E+02   1.21255142E+02   1.24345513E+02
    2.3333333333   1.22972692E+02                -   1.25194667E+02   1.21711433E+02   1.25179975e+02   1.26532310E+02   1.23399867E+02   2.32141244E+00          121.679          1.15831                -                -   1.24216633E+02   1.23801011E+02   1.21302811E+02   1.24654999E+02
    2.4500000000   1.22937024E+02                -   1.25261212E+02   1.21688788E+02   1.25253363e+02   1.26580439E+02   1.23877039E+02   2.39166759E+00          121.655          1.25651                -                -   1.24230305E+02   1.23776003E+02   1.21137965E+02   1.24737803E+02
    2.5666666666   1.22641879E+02                -   1.25046291E+02   1.21420959E+02   1.25044888e+02   1.26338479E+02   1.24239595E+02   2.46052381E+00          121.387          1.37159                -                -   1.23958101E+02   1.23467316E+02   1.20726134E+02   1.24545100E+02
    2.6833333333   1.22044237E+02                -   1.24491280E+02   1.20862584E+02   1.24496095e+02   1.25746516E+02   1.24534252E+02   2.54187962E+00          120.829          1.48948                -                -   1.23342950E+02   1.22819193E+02   1.20029032E+02   1.24019824E+02
    2.8000000000   1.21095381E+02                -   1.23526577E+02   1.19961198E+02   1.23537497e+02   1.24733434E+02   1.24697736E+02   2.63067744E+00          119.929          1.60493                -                -   1.22317781E+02   1.21766257E+02   1.19003589E+02   1.23094172E+02
    2.9166666666   1.19739341E+02                -   1.22067946E+02   1.18655126E+02   1.22084920e+02   1.23213187E+02   1.24710825E+02   2.73002656E+00          118.627          1.71049                -                -   1.20802406E+02   1.20230526E+02   1.17600617E+02   1.21686066E+02
    3.0333333333   1.17910712E+02                -   1.20011154E+02   1.16870492E+02   1.20034121e+02   1.21079304E+02   1.24551207E+02   2.84392503E+00          116.849          1.79584                -                -   1.18698993E+02   1.18115288E+02   1.15762958E+02   1.19693887E+02
    3.1500000000   1.15531507E+02                -   1.17223750E+02   1.14516820E+02   1.17252529e+02   1.18196462E+02   1.24192468E+02   2.97751238E+00          114.506          1.84671                -                -   1.15885216E+02   1.15305066E+02   1.13422825E+02   1.16988415E+02
    3.2666666666   1.12506496E+02                -   1.13531879E+02   1.11480368E+02   1.13565957e+02   1.14386923E+02   1.23602729E+02   3.13742507E+00          111.485          1.85405                -                -   1.12203435E+02   1.11645800E+02   1.10497831E+02   1.13399926E+02
    3.3833333333   1.08715944E+02                -   1.08697762E+02   1.07613478E+02   1.08735930e+02   1.09407298E+02   1.22742685E+02   3.33229802E+00          107.642          1.86887                -                -   1.07442548E+02   1.06934326E+02   1.06885070E+02   1.08695525E+02
    3.5000000000   1.04004047E+02                -   1.02377145E+02   1.02716584E+02   1.02417748e+02   1.02905437E+02   1.21562966E+02   3.57350885E+00          102.783          1.78762                -                -   1.01305223E+02   1.00885127E+02   1.02451088E+02   1.02540883E+02
