   91.1875999978   7.25024766E+01                -   7.21545663E+01   9.68878239E+01                -   7.21486200E+01   7.79644759E+01   3.01115517E-01          97.1122          127.957   7.05257721E+01   7.26464555E+01   7.21545656E+01   7.21486187E+01   7.21625714E+01   7.73478436E+01
  102.4716011870   8.04013612E+01                -   8.00495171E+01   9.82535618E+01   8.34849318e+01   8.00505650E+01   8.43059764E+01   3.43170347E-01          98.4596          103.389   7.98496359E+01   7.98494366E+01   8.00491808E+01   8.00500876E+01   8.04027272E+01   8.34458206E+01
  115.1519400673   8.73077503E+01                -   8.69008097E+01   9.95569738E+01   8.89322431e+01   8.73831027E+01   9.00282614E+01   2.73851536E-01          99.7461          99.9587   8.67143918E+01   8.67074415E+01   8.68904177E+01   8.68986951E+01   8.77057469E+01   8.87784631E+01
  129.4014063181   9.22489925E+01                -   9.18678166E+01   1.00802236E+02   9.33620675e+01   9.19111104E+01                -                -          100.975          76.4417                -                -   9.18492884E+01   9.18713505E+01   9.33177962E+01   9.33745466E+01
  145.4141714618   9.58931382E+01                -   9.56224919E+01   1.01993131E+02                -   9.57025577E+01                -                -          102.152          59.0498                -                -   9.55878483E+01   9.56340728E+01   9.72141257E+01   9.57017261E+01
  163.4084347580   9.87449908E+01                -   9.86247568E+01   1.03133100E+02                -   9.87463390E+01                -                -          103.278          48.1358                -                -   9.85778625E+01   9.86442513E+01   1.00300227E+02   1.00888988E+02
  183.6293965136   1.01062058E+02                -   1.01302780E+02   1.04225278E+02   1.02836469e+02   1.01458750E+02                -                -          104.357          36.0152                -                -   1.01261055E+02   1.01339996E+02   1.02809088E+02   1.15232225E+02
  206.3525993250   1.03137965E+02                -   1.06515319E+02   1.05272537E+02   1.04258833e+02   1.06819670E+02   1.05750101E+02   2.42118685E-01          105.393          26.8345   1.04108184E+02   1.03886116E+02   1.05947968E+02   1.06175836E+02   1.05773220E+02   1.07188089E+02
  231.8876827820   1.03450932E+02                -   1.04745264E+02   1.06277508E+02   1.05229068e+02   1.04956970E+02   1.06467688E+02   8.55026917E-01          106.387          19.9912   1.04427756E+02   1.04234638E+02   1.04578949E+02   1.04648600E+02   1.05176009E+02   1.04488472E+02
  260.5826027968   1.05238197E+02                -   1.06744929E+02   1.07242613E+02   1.06984966e+02   1.07051605E+02   1.07564838E+02   1.01206177E+00          107.341          15.0745   1.06646160E+02   1.06357625E+02   1.06510471E+02   1.06622071E+02   1.07541363E+02   1.06508664E+02
  292.8283730542   1.06489192E+02                -   1.08220328E+02   1.08170084E+02   1.08395874e+02   1.08594721E+02   1.08663684E+02   1.10533758E+00          108.258          11.9361   1.08224229E+02   1.07868542E+02   1.07938864E+02   1.08078000E+02   1.08918808E+02   1.07977995E+02
  329.0643931914   1.07567139E+02                -   1.09514389E+02   1.09061982E+02   1.09651734e+02   1.09956956E+02   1.09703398E+02   1.18011500E+00          109.141          9.46097   1.09601634E+02   1.09178084E+02   1.09186076E+02   1.09350631E+02   1.10075690E+02   1.09267963E+02
  369.7844363134   1.08540810E+02                -   1.10688690E+02   1.09920217E+02   1.10798937e+02   1.11201880E+02   1.10688765E+02   1.25190299E+00           109.99          7.46394   1.10854623E+02   1.10360685E+02   1.10312099E+02   1.10501917E+02   1.11105018E+02   1.10439736E+02
  415.5433774328   1.09439627E+02                -   1.11771269E+02   1.10746559E+02   1.11861413e+02   1.12358084E+02   1.11616911E+02   1.32190458E+00          110.808          5.91737   1.12015732E+02   1.11448362E+02   1.11344857E+02   1.11560565E+02   1.12043708E+02   1.11521748E+02
  466.9647545196   1.10280303E+02                -   1.12779134E+02   1.11542653E+02   1.12853863e+02   1.13442952E+02   1.12493691E+02   1.39078841E+00          111.596          4.72755   1.13103789E+02   1.12459759E+02   1.12301327E+02   1.12544130E+02   1.12912271E+02   1.12530753E+02
  524.7492651926   1.11073639E+02                -   1.13723941E+02   1.12310031E+02   1.13786606e+02   1.14468039E+02   1.13324336E+02   1.45882500E+00          112.356          3.81318   1.14131333E+02   1.13407381E+02   1.13193327E+02   1.13464755E+02   1.13723938E+02   1.13478127E+02
  589.6843148334   1.11827220E+02                -   1.14614225E+02   1.13050120E+02   1.14667335e+02   1.15441953E+02   1.14113394E+02   1.52610613E+00          113.089          3.11127   1.15107382E+02   1.14300176E+02   1.14029554E+02   1.14331417E+02   1.14488007E+02   1.14372346E+02
  662.6547462299   1.12546550E+02                -   1.15456509E+02   1.13764254E+02   1.15501993e+02   1.16371198E+02   1.14864696E+02   1.59265154E+00          113.796          2.57308   1.16038784E+02   1.15144989E+02   1.14816699E+02   1.15151034E+02   1.15211335E+02   1.15219866E+02
  744.6548969596   1.13235814E+02                -   1.16255931E+02   1.14453678E+02   1.16295304e+02   1.17260875E+02   1.15581423E+02   1.65844800E+00          114.479          2.16063   1.16930769E+02   1.15947162E+02   1.15560073E+02   1.15929029E+02   1.15899140E+02   1.16026008E+02
  836.8021488125   1.13898249E+02                -   1.17016639E+02   1.15119560E+02   1.17051101e+02   1.18115080E+02   1.16266046E+02   1.72346893E+00          115.138           1.8446   1.17787614E+02   1.16710983E+02   1.16263988E+02   1.16669991E+02   1.16555509E+02   1.16794228E+02
  940.3521538853   1.14536411E+02                -   1.17742045E+02   1.15762994E+02   1.17772553e+02   1.18937169E+02   1.16920475E+02   1.78767555E+00          115.776          1.60266   1.18612783E+02   1.17439970E+02   1.16932022E+02   1.17377560E+02   1.17183696E+02   1.17528676E+02
 1056.7159448282   1.15152368E+02                -   1.18435008E+02   1.16385007E+02   1.18462331e+02   1.19729933E+02   1.17546743E+02   1.85098968E+00          116.392          1.41721   1.19409149E+02   1.18137060E+02   1.17567188E+02   1.18054843E+02   1.17786353E+02   1.18231796E+02
 1187.4791623973   1.15747810E+02                -   1.19097997E+02   1.16986564E+02   1.19122710e+02   1.20495783E+02   1.18146031E+02   1.91332833E+00          116.988          1.27534   1.20179134E+02   1.18804740E+02   1.18172065E+02   1.18704529E+02   1.18365704E+02   1.18906073E+02
 1334.4236623183   1.16324181E+02                -   1.19733031E+02   1.17568574E+02   1.19755707e+02   1.21236651E+02   1.18719085E+02   1.97458024E+00          117.565          1.16658   1.20924803E+02   1.19445146E+02   1.18748933E+02   1.19328830E+02   1.18923497E+02   1.19553584E+02
 1499.5517958901   1.16882604E+02                -   1.20341966E+02   1.18131891E+02   1.20362967e+02   1.21954327E+02   1.19266197E+02   2.03459674E+00          118.123          1.08321   1.21647946E+02   1.20060133E+02   1.19299668E+02   1.19929770E+02   1.19461317E+02   1.20176128E+02
 1685.1136951894   1.17424114E+02                -   1.20926410E+02   1.18677322E+02   1.20946054e+02   1.22650345E+02   1.19787171E+02   2.09318191E+00          118.663          1.01958   1.22350121E+02   1.20651338E+02   1.19826043E+02   1.20509098E+02   1.19980489E+02   1.20775289E+02
 1893.6379346798   1.17949616E+02                -   1.21487794E+02   1.19205628E+02   1.21506335e+02   1.23326060E+02   1.20281279E+02   2.15008294E+00          119.187         0.970605   1.23032702E+02   1.21220207E+02   1.20329609E+02   1.21068369E+02   1.20482167E+02   1.21353030E+02
 2127.9659870400   1.18459880E+02                -   1.22027404E+02   1.19717527E+02   1.22045044e+02   1.23982685E+02   1.20747209E+02   2.20498167E+00          119.694         0.933207   1.23696914E+02   1.21768038E+02   1.20811768E+02   1.21608968E+02   1.20967362E+02   1.21909908E+02
 2391.2909427245   1.18955557E+02                -   1.22546402E+02   1.20213699E+02   1.22563302e+02   1.24621308E+02   1.21183035E+02   2.25747893E+00          120.185           0.9044   1.24343854E+02   1.22296002E+02   1.21273790E+02   1.22132145E+02   1.21436969E+02   1.22447385E+02
 2687.2010208726   1.19437348E+02                -   1.23045850E+02   1.20694787E+02   1.23062135e+02   1.25242919E+02   1.21586076E+02   2.30716365E+00          120.662         0.882641   1.24974515E+02   1.22805164E+02   1.21716836E+02   1.22639028E+02   1.21891742E+02   1.22964065E+02
 3019.7284644718   1.19905785E+02                -   1.23526722E+02   1.21161399E+02   1.23542490e+02   1.25848353E+02   1.21952743E+02   2.35358799E+00          121.124         0.865933   1.25589800E+02   1.23296497E+02   1.22141976E+02   1.23130957E+02   1.22332492E+02   1.23464676E+02
 3393.4044860477   1.20361386E+02                -   1.23989916E+02   1.21614113E+02   1.24005243e+02   1.26438553E+02   1.22277976E+02   2.39560833E+00          121.573         0.853213   1.26190535E+02   1.23770900E+02   1.22550196E+02   1.23608269E+02   1.22759837E+02   1.23948459E+02
 3813.3210126041   1.20804628E+02                -   1.24436265E+02   1.22053477E+02   1.24451208e+02   1.27014234E+02   1.22553665E+02   2.43204967E+00          122.008         0.843865   1.26777480E+02   1.24229347E+02   1.22942412E+02   1.24072114E+02   1.23174353E+02   1.24417923E+02
 4285.2000711840   1.21235941E+02                -   1.24866544E+02   1.22480009E+02   1.24881146e+02   1.27576104E+02   1.22790852E+02   2.46699407E+00          122.431         0.836952   1.27351340E+02   1.24672349E+02   1.23319479E+02   1.24523285E+02   1.23576643E+02   1.24871117E+02
 4815.4717605417   1.21655787E+02                -   1.25281477E+02   1.22894203E+02   1.25295771e+02   1.28124821E+02   1.22976603E+02   2.49800603E+00          122.841         0.831888   1.27912766E+02   1.25100714E+02   1.23682192E+02   1.24962514E+02   1.23967196E+02   1.25309919E+02
 5411.3618714114   1.22064667E+02                -   1.25681745E+02   1.23296529E+02   1.25695609e+02   1.28661003E+02   1.23099116E+02   2.52369395E+00           123.24         0.828104   1.28462367E+02   1.25514938E+02   1.24031301E+02   1.25390480E+02   1.24346521E+02   1.25735093E+02
 6080.9903493383   1.22462737E+02                -   1.26067986E+02   1.23687431E+02   1.26081523e+02   1.29185228E+02   1.23145233E+02   2.54219545E+00          123.627         0.825751   1.29000714E+02   1.25916253E+02   1.24367506E+02   1.25807812E+02   1.24715011E+02   1.26146912E+02
 6833.4819417835   1.22850448E+02                -   1.26440801E+02   1.24067336E+02   1.26454000e+02   1.29698036E+02   1.23100904E+02   2.55142312E+00          124.004         0.824229   1.29528339E+02   1.26304436E+02   1.24691469E+02   1.26215099E+02   1.25073110E+02   1.26546625E+02
 7679.0905372449   1.23229647E+02                -   1.26800760E+02   1.24436648E+02   1.26813596e+02   1.30199939E+02   1.22954160E+02   2.54887738E+00           124.37         0.823281   1.30045744E+02   1.26680909E+02   1.25003812E+02   1.26612888E+02   1.25421214E+02   1.26934262E+02
 8629.3388907111   1.23597938E+02                -   1.27148399E+02   1.24795751E+02   1.27160835e+02   1.30691420E+02   1.22701796E+02   2.53131812E+00          124.726         0.823035   1.30553403E+02   1.27045280E+02   1.25305125E+02   1.27001690E+02   1.25759696E+02   1.27310931E+02
 9697.1756394287   1.23956876E+02                -   1.27484229E+02   1.25145013E+02   1.27496208e+02   1.31172934E+02   1.22359345E+02   2.49883804E+00          125.072          0.82332   1.31051762E+02   1.27398764E+02   1.25595965E+02   1.27381984E+02   1.26088870E+02   1.27678477E+02
10897.1517485716   1.24306755E+02                -   1.27808732E+02   1.25484785E+02   1.27820175e+02   1.31644911E+02   1.21978083E+02   2.45206321E+00          125.408         0.823796   1.31541238E+02   1.27741597E+02   1.25876857E+02   1.27754220E+02   1.26409139E+02   1.28038868E+02
12245.6187911631   1.24644905E+02                -   1.28122653E+02   1.25815402E+02   1.28133166e+02   1.32107761E+02   1.21669283E+02   2.39917710E+00          125.736         0.824542   1.32022240E+02   1.28074477E+02   1.26148304E+02   1.28118815E+02   1.26720788E+02   1.28379623E+02
13760.9517641289   1.24977050E+02                -   1.28425858E+02   1.26137183E+02   1.28435583e+02   1.32561837E+02   1.21631106E+02   2.36106268E+00          126.055         0.825501   1.32495034E+02   1.28397226E+02   1.26410775E+02   1.28476145E+02   1.27024119E+02   1.28698663E+02
15463.7994767023   1.25300936E+02                -   1.28719001E+02   1.26450434E+02   1.28727744e+02   1.33007584E+02   1.22143820E+02   2.37393476E+00          126.365         0.826795   1.32960224E+02   1.28710757E+02   1.26664730E+02   1.28826635E+02   1.27319435E+02   1.29042378E+02
17377.3659231189   1.25616761E+02                -   1.29002571E+02   1.26755446E+02   1.29013634e+02   1.33443859E+02   1.22900651E+02   2.54196363E+00          126.667         0.827966   1.33418016E+02   1.29011599E+02   1.26910544E+02   1.29170589E+02   1.27606981E+02   1.29414270E+02
19527.7264737508   1.25924822E+02                -   1.29276901E+02   1.27052498E+02   1.29287675e+02   1.33873926E+02   1.24966100E+02   2.90147763E+00          126.962         0.829504   1.33868734E+02   1.29307473E+02   1.27148713E+02   1.29508371E+02   1.27887031E+02   1.29663018E+02
21944.1831932827   1.26225315E+02                -   1.29542324E+02   1.27341859E+02   1.29552819e+02   1.34296648E+02   1.29248976E+02   3.58128042E+00          127.248         0.831118   1.34309037E+02   1.29595095E+02   1.27379569E+02   1.29840284E+02   1.28159823E+02   1.29950702E+02
24659.6641277031   1.26518498E+02                -   1.29799255E+02   1.27623784E+02   1.29800296e+02   1.34712239E+02   1.37430155E+02   4.83084405E+00          127.528         0.832742   1.34746091E+02   1.29874414E+02   1.27603508E+02   1.30166554E+02   1.28425624E+02   1.30189128E+02
27711.1720010281   1.26804572E+02                -   1.30047937E+02   1.27898518E+02   1.30045289e+02   1.35121134E+02   1.51238518E+02   1.68974750E+01            127.8         0.834278   1.35177365E+02   1.30146505E+02   1.27820876E+02   1.30487472E+02   1.28684653E+02   1.30586500E+02
31140.2884359598   1.27083801E+02                -   1.30288799E+02   1.28166297E+02   1.30281353e+02   1.35523480E+02   1.60791530E+02   1.74821563E+01          128.065         0.836021   1.35602738E+02   1.30411360E+02   1.28031837E+02   1.30803455E+02   1.28937123E+02   1.30618145E+02
34993.7405692835   1.27356287E+02                -   1.30521780E+02   1.28427344E+02   1.30508214e+02   1.35919954E+02   1.60791884E+02   2.37965424E-02          128.324         0.837768   1.36022470E+02   1.30669276E+02   1.28237131E+02   1.31114293E+02   1.29183247E+02   1.32442442E+02
39324.0377830358   1.27621738E+02                -   1.30747009E+02   1.28681877E+02   1.30724940e+02   1.36310047E+02   1.54703025E+02   1.13479716E+01          128.576         0.839362   1.36436814E+02   1.30920400E+02   1.28436509E+02   1.31421630E+02   1.29423226E+02   1.34560522E+02
44190.1872279123   1.27881343E+02                -   1.30966092E+02   1.28930102E+02   1.30931067e+02   1.36695450E+02   1.60868268E+02   7.46238591E-01          128.822         0.841091   1.36846011E+02   1.31165203E+02   1.28629775E+02   1.31723897E+02   1.29657257E+02   1.30748954E+02
49658.4978890535   1.28134814E+02                -   1.31177027E+02   1.29172218E+02   1.31127363e+02   1.37074733E+02   1.60353616E+02   1.15822006E+00          129.062         0.842843   1.37250291E+02   1.31403744E+02   1.28822825E+02   1.32021557E+02   1.29885520E+02   1.39351849E+02
55803.4841508779   1.28382329E+02                -   1.31384372E+02   1.29408417E+02   1.31316372e+02   1.37444337E+02   1.60790435E+02   1.30140056E+01          129.296         0.844531   1.37649896E+02   1.31636445E+02   1.29006857E+02   1.32312561E+02   1.30108201E+02   1.33163815E+02
62708.8811734623   1.28624051E+02                -   1.31581578E+02   1.29638882E+02   1.31488060e+02   1.37813779E+02   1.56131148E+02   2.78985354E+01          129.524         0.846289   1.38045025E+02   1.31863498E+02   1.29189493E+02   1.32605789E+02   1.30325469E+02   1.53660347E+02
70468.7859165787   1.28860147E+02                -   1.31782100E+02   1.29863790E+02   1.31683426e+02   1.38180614E+02   2.05471004E+02   3.72184893E+02          129.747         0.848036   1.38435914E+02   1.32085162E+02   1.29348126E+02   1.32884302E+02   1.30537489E+02   1.50188679E+02
79188.9393596469   1.29090778E+02                -   1.31982547E+02   1.30083309E+02   1.32375036e+02   1.38536358E+02   1.59124229E+02   5.00243318E+01          129.964         0.849829   1.38822766E+02   1.32301722E+02   1.29594718E+02   1.33181644E+02   1.30744419E+02   1.68248176E+02
88988.1673898758   1.29316093E+02                -   1.32180838E+02   1.30297603E+02   1.32608826e+02   1.38902476E+02   1.55089927E+02   1.26165259E+02          130.177         0.851517   1.39205834E+02   1.32513230E+02   1.29787996E+02   1.33415493E+02   1.30946413E+02   1.23968741E+02
99999.9999929771   1.29536243E+02                -   1.32290515E+02   1.30506828E+02   1.32376123e+02   1.39281579E+02   1.80206180E+02   2.17282382E+02          130.384         0.853309   1.39585453E+02   1.32720180E+02   1.29795165E+02   1.33710561E+02   1.31143617E+02   4.13836334E+01
