91.18759999999997	96.87862183878734	96.83863020639393	97.07119979373012	0.9758206586653442	0.9391947856241635	0.1841164723675744	0.15086270187673673	1.2149500155819577	1.165404056670145
102.47160118957655	98.24449783719939	98.2058694302888	98.43723802357069	0.9687810224932116	0.9391572921072214	0.18193406222938782	0.15520960312157597	1.2054704606419184	1.165404460726803
115.15194007031249	99.54803852072439	99.51071450605191	99.74084113740088	0.9619060416464377	0.9391217272932745	0.1798403240552653	0.15941579976426848	1.196214259787139	1.1654048451202115
129.4014063215951	100.79342071529068	100.75734619178002	100.98619948959329	0.9551889737147828	0.9390879499568698	0.177830173218281	0.16348696322121017	1.187172671554704	1.1654052112228557
145.4141714658226	101.98442849079342	101.94955208463436	102.17710877297432	0.9486234643112985	0.9390558326756772	0.1758988946373922	0.1674284969367879	1.1783374298111302	1.1654055602781022
163.40843476260451	103.12450214531998	103.09077566457587	103.31701931466623	0.9422035183522136	0.9390252601105368	0.17404211039250853	0.1712455501316133	1.1697007108489639	1.1654058934156668
183.62939651889675	104.21677954042437	104.18415767795048	104.40907766338394	0.9359234738962798	0.9389961274923573	0.17225575069252674	0.17494303090101668	1.1612551032356204	1.165406211664868
206.35259933112627	105.26413119514321	105.2325712710539	105.45616188912996	0.9297779784926163	0.9389683395053164	0.17053602780558877	0.17852561868455688	1.1529935801457405	1.1654065159659421
231.88768278901577	106.26919026803324	106.23865200489982	106.46091173410761	0.9237619674119439	0.9389418091518308	0.16887941248180222	0.18199777600940076	1.1449094739382957	1.165406807179841
260.5826028048884	107.23437832738686	107.2048236527266	107.4257545227438	0.9178706438234527	0.9389164568490309	0.16728261271402065	0.1853637596631427	1.1369964527657583	1.1654070860967103
292.8283730634907	108.16192763415077	108.13332050588009	108.3529275610471	0.9120994606528195	0.9388922096585571	0.16574255460144074	0.18862763134603722	1.1292484990256	1.1654073534432612
329.06439320208625	109.05390045788593	109.02620670920372	109.24449755008858	0.9064441038942482	0.9388690005706822	0.16425636488972045	0.19179326762446205	1.1216598894846201	1.165407609889223
369.78443632570867	109.9122059566437	109.88539315751608	110.10237754803016	0.9009004773144755	0.9388467679109195	0.16282135525730612	0.19486436947669536	1.1142251769242568	1.1654078560529648
415.5433774469379	110.73861494994011	110.71265228283156	110.92834181266409	0.8954646883674335	0.9388254548085232	0.1614350079851186	0.1978444712659932	1.1069391731709728	1.1654080925064918
466.96475453583935	111.53477289705846	111.50963104495138	111.72403883889633	0.8901330352397906	0.9388050087480528	0.16009496286252978	0.2007369491793348	1.0997969333893347	1.1654083197797966
524.7492652113341	112.30221140362957	112.27786244878641	112.49100291581836	0.8849019948232626	0.9387853810993578	0.15879900542764433	0.20354502935393737	1.0927937415281532	1.1654085383647856
589.6843148548616	113.04235836763966	113.01877569968369	113.23066431611647	0.8797682117070486	0.9387665267976458	0.1575450560738798	0.20627179541883542	1.085925096820399	1.1654087487186853
662.6547462544916	113.75654701216723	113.73370524436527	113.94435836617866	0.8747284879803897	0.9387484040448696	0.15633116014278925	0.20892019566936082	1.079186701247852	1.1654089512671153
744.6548969878614	114.446023965413	114.42389885823219	114.6333335583297	0.8697797737034408	0.9387309739583108	0.15515547894743387	0.2114930499059776	1.0725744478898307	1.1654091464068617
836.8021488448578	115.11195645853662	115.09052484960162	115.29982902604033	0.8649191581828672	0.9387142003584436	0.15401628145661064	0.21399305583500022	1.066084410082798	1.165409334508282
940.352153922364	115.75543879318016	115.73467853294996	115.94534083824706	0.8601438618058908	0.9386980495159392	0.15291193670709838	0.21642279513675203	1.0597128313251398	1.1654095159175455
1056.7159448707039	116.37749814793503	116.35738804047531	116.56936698197813	0.8554512284736405	0.9386824899393548	0.15184090680114126	0.2187847391733198	1.0534561158668785	1.165409690958597
1187.4791624459615	116.97909984102202	116.95961958937075	117.17287521247788	0.8508387186030238	0.9386674922230451	0.15080174059765789	0.22108125451146438	1.047310819930025	1.1654098599349392
1334.4236623739957	117.56115205102742	117.54228220666516	117.75677603373929	0.8463039025395194	0.9386530288364685	0.14979306774871817	0.22331460797646413	1.0412736435100751	1.1654100231312379
1499.5517959538606	118.12451010266007	118.1062320186865	118.32192698974303	0.8418444545056946	0.9386390740236065	0.1488135932647035	0.22548697151441074	1.035341422713673	1.1654101808148012
1685.1136952622649	118.66998038537412	118.65227617307877	118.86913658835802	0.8374581468517212	0.9386256035988545	0.14786209261449273	0.22760042685069246	1.0295111225911684	1.1654103332368728
1893.6379347631528	119.19832386986853	119.18117635832554	119.39916782280095	0.8331428447848289	0.9386125948675772	0.14693740701333846	0.22965696976195749	1.0237798304269476	1.1654104806338705
2127.9659871353474	119.7102593436142	119.69365204205675	119.91274141195694	0.8288965014516358	0.9386000265506607	0.1460384391999941	0.23165851424123118	1.018144749452857	1.1654106232284323
2391.290942833422	120.20646635774456	120.19038342048857	120.41053875179658	0.8247171531922431	0.9385878785769057	0.14516414949495243	0.23360689634488455	1.0126031929539543	1.1654107612304545
2687.201020997076	120.68758793674321	120.67201413043604	120.89320462945649	0.8206029152674418	0.9385761320576212	0.14431355223615944	0.23550387797322914	1.0071525787374882	1.1654108948379844
3019.728464613997	121.15423300478528	121.13915367772702	121.36134965357175	0.8165519778534718	0.9385647692615958	0.14348571221160858	0.23735115022811118	1.001790423939028	1.1654110242380389
3393.404486210163	121.60697869605482	121.5923797495336	121.81555256859669	0.8125626020928242	0.9385537733991772	0.14267974173606718	0.23915033683237832	0.9965143401417859	1.1654111496073936
3813.321012789544	122.04637241515574	122.03224027654613	122.25636231887647	0.8086331165999919	0.9385431286332511	0.14189479765900068	0.24090299722279282	0.9913220287867605	1.1654112711132698
4285.200071395698	122.47293375115002	122.45925534866245	122.68429996618616	0.8047619141093285	0.9385328200171535	0.1411300786617302	0.24261062951694187	0.986211276853495	1.1654113889139708
4815.471760783319	122.88715623763015	122.87391897658263	123.09986045311291	0.8009474483148243	0.938522833429801	0.14038482272684877	0.24427467330567157	0.9811799527927985	1.1654115031594776
5411.36187168712	123.28950900308388	123.27670074361053	123.50351425662326	0.797188230878748	0.9385131554920132	0.13965830491186448	0.24589651239387106	0.9762260026940909	1.16541161399199
6080.990349652838	123.68043824630756	123.66804728233869	123.89570886638947	0.7934828286856329	0.9385037735644052	0.1389498350351597	0.2474774772368552	0.9713474466716221	1.1654117215464395
6833.481942142236	124.06036865910336	124.0483836985953	124.27687021037084	0.7898298611540026	0.9384946756331558	0.1382587558016931	0.2490188474283245	0.966542375454731	1.1654118259509358
7679.0905376539395	124.42970470524467	124.41811485152044	124.64740393644718	0.7862279978029373	0.9384858503143804	0.13758444086777405	0.250521853958935	0.9618089471688641	1.1654119273272179
8629.33889117737	124.78883179503798	124.77762652914922	125.00769658943256	0.7826759559348067	0.9384772868250215	0.13692629296626097	0.2519876812961906	0.9571453842945439	1.16541202579102
9697.175639960153	125.13811742713125	125.12728659122956	125.35811675538784	0.7791724984276114	0.9384689749424414	0.13628374242275929	0.2534174695622277	0.95254997079305	1.1654121214524542
10897.15174917723	125.47791221687616	125.46744599849477	125.69901609221805	0.7757164315973311	0.9384609049112004	0.13565624560669165	0.25481231643657914	0.9480210493879653	1.1654122144163674
12245.618791853123	125.80855083226513	125.79843974941468	126.03073026770079	0.7723066033094401	0.9384530674841729	0.13504328336195626	0.25617327894624825	0.9435570189925292	1.1654123047826344
13760.951764914917	126.13035292782364	126.12058781492713	126.3535798955215	0.7689419010739459	0.9384454538424954	0.13444435987357992	0.25750137536037565	0.9391563322738469	1.16541239264646
15463.799477597433	126.4436239323087	126.43419592682359	126.66787132476976	0.7656212503369407	0.9384380556164327	0.13385900116175503	0.25879758669847497	0.9348174933452957	1.1654124780986521
17377.365924138194	126.74865586928624	126.73955639906582	126.97389746247345	0.7623436128158372	0.9384308648530736	0.1332867541267448	0.26006285849239935	0.9305390555791994	1.1654125612258701
19527.72647491139	127.04572806379043	127.03694883508115	127.27193848188897	0.7591079848413949	0.9384238739067114	0.1327271853467955	0.2612981021688706	0.9263196195325447	1.1654126421108808
21944.183194603786	127.3351078186466	127.32664080467877	127.56226250051436	0.7559133960148248	0.9384170755657095	0.13217988000751077	0.2625041965565691	0.9221578309786518	1.1654127208327605
24659.66412920673	127.61705107355027	127.6088885037374	127.84512624072924	0.752758907656097	0.9384104628850959	0.13164444107107476	0.2636819892727575	0.9180523790386588	1.1654127974671096
27711.172002739124	127.89180295944504	127.88393730906618	128.1207755855739	0.7496436115928613	0.938404029300941	0.13112048812101715	0.26483229792943874	0.9140019944067772	1.165412872086242
31140.28843790656	128.15959841804855	128.15202239851533	128.38944619980518	0.7465666287368273	0.9383977684551706	0.13060765686743464	0.2659559115452326	0.9100054476638917	1.1654129447593844
34993.74057149808	128.42066264913134	128.41336919863093	128.65136397832464	0.7435271080753738	0.9383916743746478	0.13010559788157544	0.26705359151851965	0.9060615476740395	1.1654130155528057
39324.03778555486	128.67521166883608	128.66819394350904	128.90674560591816	0.7405242253635479	0.9383857412964007	0.1296139762400108	0.2681260729465786	0.902169140059539	1.1654130845300188
44190.187230777105	128.92345273861798	128.91670410411652	129.15579898729447	0.7375571820999951	0.9383799637109292	0.12913247061400673	0.2691740655957487	0.8983271057496318	1.1654131517518989
49658.49789231113	129.16558480870668	129.15909883216392	129.3987236917116	0.7346252044702658	0.9383743363312679	0.12866077265734388	0.2701982549559655	0.894534359598954	1.1654132172768465
55803.4841545817	129.40179891754613	129.39556935990558	129.63571135347533	0.7317275424207373	0.938368854132469	0.12819858630745215	0.27119930321065155	0.890789849071506	1.165413281160887
62708.88117767275	129.63227857821906	129.62629938692518	129.86694605937876	0.7288634686793267	0.9383635122988689	0.12774562720789417	0.2721778501545828	0.8870925529868362	1.1654133434578138
70468.7859213646	129.85720015338984	129.8514654554291	130.09260472465746	0.7260322778534511	0.9383583062039401	0.12730162222451913	0.2731345141329934	0.8834414803247826	1.1654134042193092
79188.93936508606	130.0767331944272	130.07123728968216	130.31285743301444	0.7232332855827189	0.9383532313951362	0.12686630890048464	0.27406989287937694	0.8798356690854922	1.1654134634950402
88988.1673960567	130.29104072643352	130.28577808129188	130.52786772244272	0.7204658277994425	0.9383482836581397	0.1264394347182129	0.2749845642115031	0.876274185201879	1.1654135213327559
100000.00000000001	130.50027962270866	130.49520387974925	130.73779296069083	0.7177292598259813	0.9383434588707895	0.12602075707873062	0.27587908702827246	0.8727561215016718	1.1654135777783992