91.18759999999997	69.78693037654072	69.71047614964351	69.95304588826511	0.9765998750414098	0.9399797111280734	0.11386573275561512	0.07739584887900472	1.214940777972017	1.1653958439717909
102.47160118957655	72.82996148055854	72.75943381837287	73.00137537327508	0.9695076247705735	0.9398884445215272	0.11369839250798948	0.08443976943929653	1.205462007353203	1.165396777010476
115.15194007031249	75.63798347294926	75.57290364689537	75.81381337135652	0.9625855939169347	0.9398047215596456	0.1135344724387454	0.09121041440278391	1.196206501289098	1.1653976376162367
129.4014063215951	78.24210787193707	78.18207507025926	78.42149510062526	0.9558262225409532	0.9397275875512446	0.11337373092214686	0.09772184440175072	1.1871655315461105	1.1653984345779973
145.4141714658226	80.66730641699058	80.61114603999091	80.84972948913139	0.9492224929904024	0.9396562537363273	0.11321595455924224	0.10398716768815919	1.1783308427759993	1.1653991751954904
163.40843476260451	82.93400199887907	82.88008650401488	83.11879166532322	0.9427678658455311	0.9395900608829136	0.11306095359470136	0.1100186295459817	1.1696946201584009	1.1653998656015614
183.62939651889675	85.05916162453676	85.00734656386636	85.24586782522513	0.9364562278496121	0.9395284523214285	0.11290855831064256	0.11582768896833263	1.1612494596526897	1.1654005110007728
206.35259933112627	87.05707039952519	87.00722863035449	87.2453216676977	0.9302818487374621	0.9394709536325598	0.11275861616663804	0.12142508536462546	1.152988340633125	1.1654011158492437
231.88768278901577	88.93989393131093	88.89191232684463	89.12938087108273	0.9242393450601085	0.9394171573375575	0.11261098948203896	0.12682089724248652	1.1449046006969523	1.165401683992477
260.5826028048884	90.71809620688667	90.67187319155173	90.90855916365912	0.9183236491024078	0.939366710902232	0.11246555352524282	0.13202459429411487	1.1369919124521877	1.1654022187725004
292.8283730634907	92.40063901893278	92.35619982479052	92.59197584197403	0.9125299818919951	0.9393193072385574	0.11232219494755896	0.13704508397328966	1.1292442621090475	1.1654027231123305
329.06439320208625	93.99569656392711	93.9528381969929	94.18760178755606	0.9068538299036748	0.9392746774673675	0.11218081041329855	0.14189075336145351	1.1216559297148299	1.1654031995831675
369.78443632570867	95.510136879674	95.46878277125383	95.70245184521465	0.9012909241194653	0.9392325847457033	0.11204130547931221	0.14656950701396598	1.1142214708878397	1.1654036504586511
415.5433774469379	96.95014833141438	96.91022800065552	97.1427372600016	0.8958372216375438	0.9391928194723556	0.11190359363435685	0.15108880132003596	1.1069356999189914	1.165404077758874
466.96475453583935	98.3212415840078	98.28268987662724	98.51398793952555	0.8904888892053074	0.9391551953611829	0.11176759544268519	0.1554556757673878	1.0997936741229684	1.1654044832865398
524.7492652113341	99.62834806389931	99.59110452407587	99.82115159896199	0.8852422883570847	0.9391195461557036	0.11163323780014724	0.1596767814923513	1.0927906793317295	1.1654048686568252
589.6843148548616	100.87590063500565	100.83990898136106	101.06867496976588	0.880093961922045	0.9390857228431755	0.11150045333230021	0.16375840745040227	1.0859222164337725	1.1654052353223265
662.6547462544916	102.06790027005555	102.03310795397444	102.26057089152002	0.8750406219491587	0.9390535914852967	0.11136917983426661	0.16770650444147903	1.0791839888711598	1.1654055845938784
744.6548969878614	103.20797159826321	103.17432942816014	103.40047419474064	0.8700791385665537	0.9390230312612037	0.11123935970864943	0.17152670711065837	1.0725718910153847	1.1654059176582119
836.8021488448578	104.29940959684977	104.26687141587125	104.49168866203424	0.8652065298044045	0.9389939328074746	0.11111093965608235	0.1752243543894853	1.066081997349851	1.1654062355929171
940.352153922364	105.34521899707391	105.31374140440397	105.53722665307656	0.8604199524068264	0.9389661969402702	0.11098387015274964	0.17880450816697344	1.0597105523937003	1.16540653937918
1056.7159448707039	106.3481478750744	106.31768998332677	106.53984287435952	0.855716693171107	0.9389397333515732	0.11085810520273814	0.18227197068332587	1.0534539613079654	1.165406829912793
1187.4791624459615	107.31071636756715	107.28123959014943	107.50206324244594	0.8510941612185713	0.9389144597190389	0.1107336019991271	0.18563130059341781	1.047308781129601	1.1654071080135269
1334.4236623739957	108.23524138783785	108.20670925150993	108.42620972220895	0.8465498806586627	0.9388903007514154	0.11061032063059165	0.18888682779522187	1.0412717125850264	1.165407374433375
1499.5517959538606	109.12385801716114	109.09623599589787	109.31442182027223	0.8420814839051347	0.9388671874423938	0.11048822386891621	0.19204266726583474	1.0353395924377387	1.1654076298636078
1685.1136952622649	109.97853808193352	109.95179344891943	110.16867524779582	0.8376867054894592	0.9388450564351308	0.11036727693178393	0.19510273187003	1.0295093863297866	1.1654078749410066
1893.6379347631528	110.80110636832705	110.77520806349668	110.99079820734329	0.8333633763031982	0.938823849444454	0.11024744725796042	0.19807074425518484	1.0237781820795162	1.1654081102532847
2127.9659871353474	111.59325484239821	111.56817335339451	111.78248567419006	0.8291094182395315	0.9388035127413197	0.11012870433612362	0.20095024794574667	1.0181431834016887	1.1654083363438663
2391.290942833422	112.35655517171176	112.3322624264986	112.54531197002754	0.8249228391797861	0.9387839966720553	0.11001101959185407	0.203744617699346	1.012601704018848	1.1654085537161114
2687.201020997076	113.09246976451435	113.06893903412384	113.2807418467355	0.8208017283970075	0.9387652553048713	0.1098943662035517	0.2064570691217602	1.007151162135284	1.1654087628370344
3019.728464613997	113.8023615465453	113.77956735670249	113.99014030148217	0.8167442522683618	0.9387472461178404	0.10977871890603787	0.2090906676192628	1.0017890752475087	1.1654089641405956
3393.404486210163	114.48750268571908	114.46542073633324	114.67478133429506	0.8127486501672314	0.9387299296229148	0.10966405396156928	0.21164833683925208	0.9965130552673958	1.1654091580306738
3813.321012789544	115.14908234740255	115.12768943898303	115.33707186535204	0.8088132306815714	0.9387132690858049	0.1095503490256676	0.2141328664889785	0.9913208039357292	1.1654093448836986
4285.200071395698	115.78821362564037	115.76748759184198	115.97821917892	0.8049363681867802	0.9386972303807287	0.10943758299083788	0.21654691968022685	0.9862101085057599	1.1654095250509433
4815.471760783319	116.40593977372859	116.38585941941047	116.59789864616339	0.8011164994004554	0.9386817816453892	0.10932573593575495	0.2188930397637484	0.9811788376787767	1.1654096988607139
5411.36187168712	117.00323980956041	116.98378485374758	117.19709177309494	0.7973521203943333	0.9386668931895008	0.10921478906905863	0.22117365684535795	0.9762249377735163	1.1654098666201604
6080.990349652838	117.58103354661937	117.56218456987656	117.77672074280113	0.7936417835579094	0.9386525372035098	0.10910472461195193	0.22339109371574906	0.971346429114628	1.1654100286170572
6833.481942142236	118.14018613872508	118.1219245344659	118.3376529664504	0.7899840950339138	0.9386386877657321	0.10899552565177567	0.22554757153922697	0.9665414026245918	1.1654101851212753
7679.0905376539395	118.68151224042784	118.66382016987063	118.88070524970225	0.7863777119595898	0.9386253205165053	0.10888717626581718	0.22764521521348274	0.9618080166064852	1.1654103363862336
8629.33889117737	119.20577971842106	119.18864006874527	119.40664750967818	0.7828213401651138	0.9386124126445297	0.10877966130187723	0.22968605829003194	0.9571444937043616	1.1654104826501215
9697.175639960153	119.71371305056807	119.69710939601721	119.91620617931214	0.7793137318921572	0.9385999427694376	0.1086729663051619	0.23167204764634997	0.9525491180302104	1.1654106241370543
10897.15174917723	120.20599646732242	120.18991303305162	120.41006735390884	0.7758536835261718	0.9385878907152563	0.10856707769312182	0.2336050479991399	0.948020232446687	1.1654107610581383
12245.618791853123	120.68327671543435	120.66769834371719	120.88887955946542	0.7724400337691838	0.9385762376119782	0.10846198236596347	0.23548684589459487	0.9435562359954338	1.165410893612378
13760.951764914917	121.1461656908951	121.13107780964067	121.35325639021404	0.76907166156786	0.9385649656461559	0.10835766792126639	0.237319153719679	0.9391555814622997	1.1654110219875713
15463.799477597433	121.59524280322495	121.58063139654485	121.80377887715352	0.7657474843166938	0.9385540579918079	0.10825412260696597	0.23910361337249544	0.9348167730706181	1.1654111463611105
17377.365924138194	122.03105710806324	122.0169086886725	122.24099762455425	0.7624664562502577	0.938543498836379	0.10815133507436259	0.24084179962372734	0.9305383642946043	1.16541126690069
19527.72647491139	122.45412933763369	122.44043092102832	122.66543484429428	0.7592275667935605	0.9385332732702062	0.10804929452985804	0.24253522350634085	0.9263189557856037	1.1654113837649493
21944.183194603786	122.86495373775915	122.85169281800843	123.07758619643381	0.7560298389232967	0.9385233671237095	0.10794799074996371	0.24418533535663484	0.9221571934046916	1.1654114971041492
24659.66412920673	123.26399971270813	123.25116423965312	123.47792243732336	0.75287232790486	0.9385137670855616	0.10784741377815077	0.24579352763133133	0.9180517663544404	1.165411607060663
27711.172002739124	123.65171344508705	123.6392918029866	123.86689104281872	0.7497541197575034	0.9385044604882918	0.10774755425422777	0.247361137816725	0.9140014054048581	1.165411713769541
31140.28843790656	124.02851927477252	124.01650026213053	124.24491759006224	0.7466743301074352	0.938495435412405	0.10764840303704507	0.24888945085680428	0.910004881207262	1.1654118173589527
34993.74057149808	124.39482108013432	124.38319389076318	124.61240714164465	0.7436321028363233	0.9384866805189781	0.10754995147029783	0.25037970174314095	0.906061002691394	1.1654119179506444
39324.03778555486	124.75100347675593	124.73975768188767	124.96974544690354	0.7406266089398605	0.9384781850435003	0.10745219117731958	0.25183307771316427	0.9021686155408234	1.165412015660361
44190.187230777105	125.09743299003065	125.08655852146636	125.31730011712624	0.7376570454426046	0.9384699387750937	0.10735511419301341	0.2532507205743014	0.8983266007419357	1.1654121105981918
49658.49789231113	125.43445907952577	125.4239462136842	125.65542165218113	0.7347226343670128	0.9384619320459893	0.10725871274020898	0.25463372864547545	0.8945338732026293	1.1654122028689191
55803.4841545817	125.76241514597585	125.75225448884406	125.98444444982236	0.7318226217032235	0.9384541556752127	0.10716297933730305	0.25598315879843747	0.8907893804367604	1.1654122925723558
62708.88117767275	126.08161946697926	126.07180193990743	126.30468774353679	0.728956276381949	0.9384466008632324	0.10706790691110643	0.25730002835911936	0.8870921013105619	1.1654123798036597
70468.7859213646	126.3923759995141	126.38289282570499	126.6164564069426	0.7261228895086043	0.9384392593026476	0.10697348845610855	0.2585853167382312	0.8834410448474508	1.1654124646535733
79188.93936508606	126.6949752222658	126.68581791403247	126.92004179813692	0.7233217734446684	0.9384321230940232	0.10687971729699566	0.25983996726819897	0.8798352490883453	1.1654125472086827
88988.1673960567	126.98969485288633	126.98085519956001	127.21572247865052	0.720552260903343	0.9384251846502062	0.10678658696603102	0.2610648886498495	0.8762737800045254	1.165412627551713
100000.00000000001	127.27680055575233	127.26827061221587	127.50376492297711	0.7178137043092463	0.938418436804276	0.10669409122837556	0.26226095659328086	0.8727557304595414	1.1654127057616794