91.18759999999997	72.52373304999277	20.3140280402293	0.021201989509876285	52.366825553320645	77.60178608640452	72.13372742443231	75.04540221739464	0.9675144272831312	0.9764528742767045	0.939648997204735	0.1249779337530921	0.08903757299956919	1.2334147560251125	1.2149424797024329	1.1654069505779157
102.47160118957655	76.36573970860358	4.9257046350887705	0.05880973346323515	73.89597931670626	80.99351284975303	75.26884477671966	78.05283244647865	0.9642543732178507	0.9693248086526128	0.939559418927368	0.1253307207205457	0.09652224154829159	1.223806337172622	1.2054657091090415	1.1654078774311065
115.15194007031249	79.42038768689267	7.6214889167665865	0.0019151949307030236	77.72795832368844	86.86897629071338	77.80619404317201	80.4932415059527	0.9603906276906516	0.9623787728533783	0.9394872459213355	0.12480464495407843	0.10281950013957974	1.2144315406600004	1.1962119471992476	1.1654086282608491
129.4014063215951	81.90005889752506	6.4507297015094105	0.03977581492537752	80.76177449993685	88.03788778365326	79.91537498149563	82.52579321333621	0.9560679139431324	0.9556031040268905	0.939427517222947	0.12364814820393248	0.10821818346485644	1.2052638141106309	1.1871725263434618	1.165409252320933
145.4141714658226	83.95690361243638	5.532088114516151	0.07520321010863995	83.21065015834495	89.01687785061762	81.72068814524341	84.26815115572916	0.9514763697680878	0.9489878609792977	0.9393766170071386	0.12207018019198043	0.11295780034903169	1.1962860646565874	1.178339235288664	1.16540978617834
163.40843476260451	85.73264471163043	4.798967180616329	0.10880630289635462	85.26206609665788	89.8959485716112	83.34580852745233	85.83854485887751	0.9466518542373463	0.9425235152010905	0.9393309931012426	0.12032705988710632	0.11731757943656627	1.187486896676024	1.1697043008123926	1.1654102663090977
183.62939651889675	87.28199979234715	4.177368461347815	0.1404206748577792	86.9994119073335	90.69608288167449	84.87483467108261	87.31766779866057	0.9416695386377149	0.9362020269414201	0.939288261786004	0.11860633368144577	0.12149931185341034	1.178858097240223	1.1612603463506963	1.1654107173816906
206.35259933112627	88.72035222927765	3.652854939545551	0.17012825044926672	88.55228795114392	91.50437966321847	86.35549695750578	88.75139590248747	0.9365582075861885	0.9300166988018507	0.9392470808727352	0.11701776092139626	0.1256214296981684	1.1703936522448146	1.1530003669010795	1.1654111533771625
231.88768278901577	90.13491502238496	3.236565740738287	0.19801865149536013	90.04698076592507	92.38760540936644	87.81096497676823	90.16199601493194	0.9313485609463783	0.9239618173940395	0.9392068087773763	0.1156136641889292	0.12974213966871337	1.162089046790387	1.1449177080763033	1.1654115810008698
260.5826028048884	91.53311524146284	2.9116175698960185	0.22425624424649016	91.47705681765292	93.33902734318127	89.2492154288191	91.55708505489552	0.9260716890020634	0.9180323613954077	0.9391672295247839	0.11440801855171627	0.13388027258967475	1.1539407489722662	1.1370060461390885	1.1654120024978307
292.8283730634907	92.9143774251781	2.6621472873481586	0.24895383156493267	92.88445779337539	94.34592362851444	90.66989448978998	92.93622423444387	0.9207563921264508	0.9122237881530679	0.9391283558589583	0.1133920576358094	0.13803183207046146	1.1459458147929424	1.129259368793042	1.165412417691847
329.06439320208625	94.27440899166736	2.473022716768237	0.27216641116844187	94.2325713849201	95.39285295224184	92.06875161466924	94.29519417574664	0.9154281890836296	0.9065318917545405	0.9390903031847064	0.11254519252769907	0.14218131753219018	1.1381015885153603	1.1216719567388986	1.1654128252971725
369.78443632570867	95.60780413772407	2.3675954472383545	0.2939064717638189	95.55589990601987	96.5604676610847	93.44033085921707	95.62859875255263	0.9101088795081546	0.9009527133593906	0.9390532149634151	0.11184221995852607	0.14630902187174183	1.1304054895172033	1.114238366154577	1.165413223727638
415.5433774469379	96.90947323571245	2.350835516867987	0.31415851181890275	96.85070550781938	97.90417835744948	94.77945226206968	96.9313039505526	0.904816485852516	0.8954824862978774	0.9390172219396135	0.11125770274544079	0.1503953419127318	1.122854877420534	1.1069534121076796	1.1654136114850404
466.96475453583935	98.17531238537205	2.329805474503128	0.3328974982606496	98.0842272327307	99.19788972904898	96.0819110561417	98.19912087947604	0.8995654199274278	0.8901176033910321	0.9389824226332283	0.1107683653082649	0.15442304111049557	1.1154469823002702	1.0998121531102865	1.165413987454192
524.7492652113341	99.40241618082851	2.3053207159832447	0.35010279671672606	99.28535992616774	100.44180823217879	97.34470683130138	99.42903288017092	0.8943668810980998	0.8848546039682719	0.9389488825444123	0.11035418197600952	0.15837819806894154	1.1081788795662895	1.0928098764744416	1.1654143508076023
589.6843148548616	100.58902656525811	2.278184212852222	0.36576591740359277	100.45255761418608	101.63663886826362	98.56600116495277	100.61915791618787	0.8892292691627259	0.8796901611789042	0.9389166327354995	0.10999861437295709	0.16225032461831695	1.1010475002161266	1.085942084903071	1.165414701121442
662.6547462544916	101.73437025676748	2.2491176470677985	0.37989531653239794	101.58388743514737	102.78354574771208	99.74495803715261	101.76859588657055	0.8841586610221732	0.8746210788977088	0.9388856771285575	0.10968841810068242	0.1660320825251386	1.0940496565704556	1.0792044838478732	1.1654150382568789
744.6548969878614	102.83849533537808	2.218648548714489	0.39234934865544346	102.66303501167988	103.88390941030423	100.88158174641734	102.8772724707253	0.8791624536414853	0.8696442869050206	0.9388559972926965	0.10941337135855216	0.1697189389588511	1.0871820767916682	1.072592969813778	1.16541536230691
836.8021488448578	103.90180144925378	2.187375384065965	0.4036207488907593	103.69994691076435	104.93974404350102	101.97637000620912	103.94560175775868	0.8742377013114335	0.8647568422480517	0.9388275626087954	0.10916525883580783	0.17330815882514036	1.0804414416385122	1.066103619473378	1.1654156735371177
940.352153922364	104.92582151323505	2.1556057228040855	0.4133525827638067	104.70388151550159	105.95283150385339	103.03059421516343	104.97476018559493	0.8693884200402475	0.8599559136178136	0.9388003230747306	0.10893905328702558	0.17679981916151905	1.0738244165121862	1.0597326795855149	1.165415972395243
1056.7159448707039	105.91128681736112	2.123809658638632	0.42150797467635925	105.6748826196613	106.92515558224402	104.04510419132433	105.96551969956403	0.8646152331815372	0.8552388055439296	0.9387742404976608	0.10872862897539706	0.18019288278514442	1.0673276808740308	1.0534765573732316	1.1654162592260955
1187.4791624459615	106.8595556950676	2.0924001190429276	0.42883946304215215	106.61347673173563	107.85897101154421	105.02126646772528	106.91916306632652	0.8599180710062412	0.8506029268987451	0.9387492646156368	0.108530211617251	0.18348831375238603	1.0609479514957043	1.047331811941579	1.165416534507825
1334.4236623739957	107.77263591768865	2.061083729645864	0.4347732011807466	107.5204320947088	108.75572855554454	105.96111859621351	107.83763488033615	0.8552963370567048	0.8460457805168115	0.9387253295334608	0.10834312039776542	0.1866896740534643	1.0546820007800073	1.0412951461119528	1.1654167988887552
1499.5517959538606	108.65187818954547	2.030233234415048	0.4396047369642986	108.39693077850195	109.61758826411506	106.8660307610124	108.72223335905605	0.8507490932719373	0.8415649917196402	0.9387023874577377	0.10816466525778203	0.1897985632884519	1.04852667050081	1.0353633985089823	1.1654170528353287
1685.1136952622649	109.49883521273087	1.9999578344055038	0.4434175529025737	109.22828550388907	110.44637386500226	107.73758513342592	109.57446873701802	0.8462751149360885	0.8371582797824861	0.9386803864692203	0.10799345810827624	0.19281757792579676	1.0424788816324375	1.0295335365793004	1.165417296862335
1893.6379347631528	110.31496950484734	1.970365807213032	0.44634772509388654	110.03338068408844	111.24381875825179	108.57727549303621	110.39576921198719	0.841871498797671	0.8328234602699108	0.9386592779697595	0.1078282429186804	0.19574927038532594	1.0365356409780662	1.023802649835903	1.165417531455557
2127.9659871353474	111.10210656531018	1.9413418539647425	0.44841284551706906	110.81296277350405	112.01156574590972	109.38697036291153	111.18793499844918	0.8375393542699944	0.828558813705417	0.9386393938698643	0.1076697694288602	0.19859793866533879	1.0306940820000883	1.0181679458763357	1.1654177607991618
2391.290942833422	111.86106858735126	1.9132069452169778	0.44966660444625006	111.56799528653747	112.75114541642127	110.16751491132585	111.9517641907397	0.8332758061499919	0.8243615704278782	0.9386199224243196	0.107515029453397	0.20136397486986	1.0249513189071515	1.0126267353101521	1.1654179779004314
2687.201020997076	112.59345315911963	1.8858611235240714	0.4502122399450599	112.2992865264245	113.46400865350773	110.92054990178221	112.68884067811715	0.8290793267968741	0.8202301851014876	0.9386012072062345	0.10736468972921923	0.20405130245170075	1.0193046706586981	1.007176440110886	1.165418186943649
3019.728464613997	113.3005211915017	1.859319953320603	0.45011689812152156	113.00741176813486	114.15150423928617	111.6473731215456	113.400414021259	0.8249482781894265	0.8161628071834558	0.938583208388063	0.10721840023198564	0.20666265484764856	1.0137515104143426	1.0018145791024318	1.1654183883346254
3393.404486210163	113.98346360710653	1.8335982748689583	0.4494429988384354	113.69359808783958	114.81491163433937	112.34921246006301	114.08766774035246	0.8208810174770785	0.8121576596534206	0.9385658885612851	0.10707588033087112	0.2092006887076442	1.0082893018633643	0.9965387654411884	1.1654185824552221
3813.321012789544	114.64340358318302	1.8086967929993498	0.4482486214594843	114.35845329851881	115.45541209759561	113.02722715051003	114.75172024011026	0.8168759240970779	0.8082130354445706	0.9385492127463669	0.1069369002225635	0.21166797440741145	1.0029155972102521	0.9913467020344425	1.1654187696641498
4285.200071395698	115.28140508153102	1.7842786010333016	0.4465853849754353	115.00305475856743	116.07411598719828	113.68288715978552	115.39363331988898	0.8129314492815908	0.8043272910389052	0.9385331452852872	0.10680129252421067	0.2140670101904134	0.9976280342392337	0.9862361771935645	1.1654189502374372
4815.471760783319	115.89845366204156	1.7610122750848674	0.44450567871406577	115.62761456690413	116.67207057576883	114.31646721968667	116.01439233918798	0.8090459537644324	0.8004988544034625	0.9385176611669495	0.10666884084642331	0.21640014114109493	0.9924243356370301	0.9812050607148238	1.1654191246096708
5411.36187168712	116.49549319514317	1.7385438980176124	0.44204894926097893	116.23306694463413	117.2502344875907	114.9293193648137	116.61494244372543	0.8052179629100796	0.796726205257836	0.9385027289207507	0.10653942150862639	0.21866967477063978	0.9873023031441565	0.9762512998444896	1.1654192930204326
6080.990349652838	117.07340783614423	1.7168641387799182	0.4392637327220825	116.82015591940707	117.80952827700912	115.52236007170582	117.1961705494367	0.801446006960325	0.7930078831254984	0.938488321684018	0.10641290179325831	0.22087780724078357	0.9822598165877594	0.971372915809096	1.1654194557485813
6833.481942142236	117.63302458979231	1.6959610031481154	0.4361899405141969	117.38956014086526	118.35080843768266	116.09644720094823	117.75890729728066	0.7977286092356607	0.7893424845396587	0.9384744170464372	0.10628913038600234	0.22302662165530102	0.9772948309060308	0.9665680004103911	1.1654196131160437
7679.0905376539395	118.17514122350988	1.6758129704834235	0.43284955697181715	117.94193226331649	118.87487989583794	116.65240851469686	118.30395485682834	0.794064481853815	0.7857286496522555	0.9384609858844338	0.10616805079174989	0.2251181792410091	0.9724053713313188	0.9618347126813832	1.1654197652524327
8629.33889117737	118.70049339762568	1.6564049498067421	0.42927923195289	118.47790515060882	119.38249901444831	117.19100815544321	118.83205397969519	0.7904522411728359	0.7821650758747523	0.9384480087107826	0.10604952959570983	0.22715439335597454	0.9675895332924712	0.9571712760441161	1.1654199124468185
9697.175639960153	119.20978153597142	1.6377180934697309	0.42550675820605477	118.99806897584939	119.87437728967963	117.71297392046729	119.34391061337129	0.7868905994207773	0.7786505048850874	0.9384354646389192	0.10593346739742497	0.22913711850820448	0.9628454777529082	0.9525759753116145	1.1654200549176454
10897.15174917723	119.70366746173642	1.6197340744273971	0.4215573475026275	119.50300652843785	120.35118811381419	118.21899393634642	119.84019255728006	0.7833783064318672	0.7751837231985715	0.9384233340958829	0.10581976896520515	0.231068131830995	0.9581714289388833	0.9480471540053962	1.1654201928710095
12245.618791853123	120.18277742571203	1.6024326980494106	0.4174542419948324	119.99327128759019	120.81356207211269	118.70971894702114	120.3215316259601	0.7799141625928643	0.7717635600060339	0.9384115986276939	0.10570834470704601	0.23294913823161947	0.953565671706958	0.9435832117866658	1.1654203265012626
13760.951764914917	120.64770406391854	1.5857936511381887	0.4132177327899029	120.46939397875227	121.26209681142234	119.18576594764791	120.78852714306265	0.7764969987561708	0.7683888852368476	0.9384002408162933	0.10559910799428746	0.23478177206715622	0.949026549013402	0.939182602024146	1.1654204559921335
15463.799477597433	121.0990094005781	1.5697968144623464	0.4088665219410501	120.93188328987628	121.69735632163261	119.64771928459139	121.24174695678683	0.7731257012666197	0.7650586078341913	0.9383892443130921	0.10549197871252272	0.23656760358883708	0.9445524594879975	0.9348438294894743	1.1654205815171566
17377.365924138194	121.53722549367552	1.5544222416156865	0.40441749195777277	121.37967892248614	122.11987581496128	120.09613316202736	121.68172984333802	0.7697991740339409	0.7617716738630631	0.9383785936055814	0.1053868759128406	0.2383081364602789	0.9401418551120035	0.9305654481731098	1.1654207032405512
19527.72647491139	121.96285815631299	1.5396468002824784	0.3998856823190522	121.81788484051502	122.53015246093045	120.5315337900114	122.10898756441712	0.7665163763729886	0.7585270650005745	0.93836827408993	0.10528372686739068	0.24000481810087604	0.9357932390000409	0.926346059212725	1.1654208213179302
21944.183194603786	122.3763874412233	1.525456303473091	0.3952847991387074	122.15189819876399	122.92868071338054	120.95442081878252	122.5240062298648	0.7632762985396785	0.7553237969610809	0.9383582719745748	0.10518246049697029	0.2416590375300366	0.9315051632823301	0.922184308927287	1.1654209358966825
24659.66412920673	122.77826947429624	1.5118264071108927	0.39062709951066665	122.64371770924203	123.31590264467626	121.3652692409824	122.92724812484404	0.7600779600668817	0.7521609179499341	0.9383485741570804	0.10508300833539279	0.2432721289181942	0.9272762270851913	0.9180788869511219	1.1654210471166484
27711.172002739124	123.16893832137018	1.4987383326888162	0.38592346078640105	123.05441733300538	123.69225141732143	121.76453097537801	123.31915322818071	0.7569204210358058	0.7490375073888184	0.938339168281537	0.10498530635566555	0.24484537573362886	0.9231050746061737	0.9140285244611472	1.1654211551106133
31140.28843790656	123.54754216874636	1.4854194006116186	0.3811838057544321	123.44660371005745	124.05813748312323	122.1526359996261	123.70014029225588	0.753805184317182	0.7459513622206867	0.9383287079451477	0.1048827935814616	0.24637418804731728	0.9189903552700182	0.9100319922722937	1.165421257874423
34993.74057149808	123.91694939537867	1.4733143199184522	0.37641712142124106	123.8261329810122	124.4139494246013	122.52999371611942	124.07060815480067	0.7507264679554204	0.742904249070931	0.9383198551166014	0.10478806638553678	0.2478711601331016	0.9149308746297834	0.9060881002037947	1.1654213599416627
39324.03778555486	124.2763226554186	1.4616955660653832	0.3728370138481836	124.19543806364719	124.76005765464961	122.89699152100084	124.42972572050626	0.7476858955476064	0.7398940169211164	0.9383112610501059	0.10469489741593588	0.24933184103188497	0.9109253628431064	0.9021956939747928	1.1654214591508152
44190.187230777105	124.62602168345234	1.4505410302277024	0.3668300332873571	124.55493848554063	125.0968145259492	123.2540073322782	124.78148710877842	0.7446826626308312	0.7369198566678119	0.9383029150665998	0.10460324569761487	0.2507573385744377	0.9069726268026872	0.8983536548880406	1.1654215555963925
49658.49789231113	124.96641190488587	1.4394332107498355	0.3620244771082355	124.9035876896609	125.42324634768538	123.60139532620207	125.12133313489281	0.7417164026575663	0.7339809845199826	0.9382948071759677	0.10451319636449267	0.25214881078842544	0.9030715104123387	0.8945608981696115	1.1654216494111103
55803.4841545817	125.29777093714308	1.4291530957767318	0.35854572049441913	125.24419567934451	125.74224687684097	123.9394927218286	125.45331139511926	0.7387855073229216	0.7310766430624913	0.9382869298220547	0.10442443432611152	0.2535070805154862	0.8992208923869673	0.8908163716010211	1.1654217406508474
62708.88117767275	125.6204330476663	1.4192880836290298	0.35379890152182725	125.57581744275235	126.05285668674126	124.26862371913637	125.77650598657601	0.7358896273601424	0.7282060957104847	0.9382792736723278	0.10433704195400365	0.2548332242734539	0.8954196857783858	0.8871190543300856	1.1654218294304644
70468.7859213646	125.93468224696593	1.4112058401663587	0.3490694757309285	125.89882199268517	126.3553670693755	124.587638742281	126.09120515876823	0.733027825916961	0.7253686293262058	0.9382718308317635	0.1042508994900748	0.25612813328878026	0.8916668360409981	0.8834679556336413	1.1654219158321448
79188.93936508606	126.2408293492501	1.402175151273259	0.3443408177030989	126.2134610667705	126.6500563015429	124.89969980428984	126.39772418697052	0.7301998244423918	0.7225635511519369	0.938264592846832	0.1041661159183773	0.2573928288322928	0.8879613201741796	0.8798621138024805	1.1654219999568394
88988.1673960567	126.53913392849918	1.3935128087494961	0.3396281246195514	126.52000856888324	126.93719040049362	125.20368307082892	126.6963276853347	0.7274047425469491	0.7197901901199463	0.9382575525915459	0.10408258108659107	0.2586281390585067	0.8843021451594937	0.8763005950340844	1.1654220818793624
100000.00000000001	126.82985773998567	1.3852064775165247	0.33493586634536143	126.81872555888148	127.2170237994515	125.49985795511672	126.98727871442064	0.7246419320852792	0.7170478943105573	0.9382507026403663	0.10400026525563577	0.259834917582089	0.8806883470306643	0.8727824924067862	1.165422161671918