              ms               Mh              DMh         DMh_as_m         DMh_as_p         DMh_Mt_m         DMh_Mt_p          DMh_Q_m          DMh_Q_p
   99.9999999911   7.01993816E+01   3.04082136E+00   7.01806846E+01   7.02182546E+01   6.97518039E+01   7.06315379E+01   6.73850036E+01   7.02955450E+01
  138.0384264454   7.78906151E+01   2.59696147E+00   7.78792912E+01   7.79018706E+01   7.76793557E+01   7.80936134E+01   7.54143117E+01   7.79779205E+01
  190.5460717722   8.42295956E+01   2.32250319E+00   8.42270164E+01   8.42320685E+01   8.41934920E+01   8.42617289E+01   8.19886514E+01   8.43101464E+01
  263.0267991512   8.95706331E+01   2.15042364E+00   8.95636792E+01   8.95774928E+01   8.94688347E+01   8.96712854E+01   8.75048923E+01   8.96457204E+01
  363.0780547102   9.41441723E+01   2.04402704E+00   9.41274952E+01   9.41607825E+01   9.39337878E+01   9.43553982E+01   9.22148882E+01   9.42146840E+01
  501.1872335852   9.81082454E+01   1.98097197E+00   9.80817841E+01   9.81346741E+01   9.78077258E+01   9.84110736E+01   9.62887245E+01   9.81748379E+01
  691.8309708476   1.01576731E+02   1.94679316E+00   1.01540585E+02   1.01612883E+02   1.01200100E+02   1.01956792E+02   9.98476540E+01   1.01639913E+02
  954.9925859046   1.04634962E+02   1.93184033E+00   1.04589342E+02   1.04680630E+02   1.04193219E+02   1.05081011E+02   1.02981812E+02   1.04695141E+02
 1318.2567383699   1.07348819E+02   1.92958926E+00   1.07294007E+02   1.07403722E+02   1.06850806E+02   1.07851837E+02   1.05760362E+02   1.07406332E+02
 1819.7008583177   1.09770358E+02   1.93560369E+00   1.09706687E+02   1.09834168E+02   1.09223319E+02   1.10322968E+02   1.08237695E+02   1.09825487E+02
 2511.8864313092   1.11941472E+02   1.94686375E+00   1.11869301E+02   1.12013829E+02   1.11351427E+02   1.12537548E+02   1.10457412E+02   1.11994457E+02
 3467.3685041823   1.13896378E+02   1.96131086E+00   1.13816084E+02   1.13976907E+02   1.13268394E+02   1.14530772E+02   1.12455018E+02   1.13947425E+02
 4786.3009226611   1.15663369E+02   1.97754969E+00   1.15575333E+02   1.15751687E+02   1.15001748E+02   1.16331708E+02   1.14259796E+02   1.15712657E+02
 6606.9344791691   1.17266094E+02   1.99461055E+00   1.17170698E+02   1.17361821E+02   1.16574544E+02   1.17964626E+02   1.15896172E+02   1.17313782E+02
 9120.1083921325   1.18724479E+02   2.01187028E+00   1.18622098E+02   1.18827239E+02   1.18006187E+02   1.19449969E+02   1.17384692E+02   1.18770705E+02
12589.2541169900   1.20055462E+02   2.02889419E+00   1.19946462E+02   1.20164889E+02   1.19313204E+02   1.20805098E+02   1.18742794E+02   1.20100348E+02
17378.0082858471   1.21273531E+02   2.04540380E+00   1.21158266E+02   1.21389269E+02   1.20509735E+02   1.22044855E+02   1.19985375E+02   1.21317188E+02
23988.3291874621   1.22391171E+02   2.06122022E+00   1.22269983E+02   1.22512877E+02   1.21607974E+02   1.23182021E+02   1.21125260E+02   1.22433696E+02
33113.1121438522   1.23419149E+02   2.07623763E+00   1.23292365E+02   1.23546496E+02   1.22618438E+02   1.24227619E+02   1.22173498E+02   1.23460632E+02
45708.8189545282   1.24366859E+02   2.09039850E+00   1.24234791E+02   1.24499533E+02   1.23550307E+02   1.25191259E+02   1.23139722E+02   1.24407379E+02
63095.7344435130   1.25242497E+02   2.10367910E+00   1.25105443E+02   1.25380199E+02   1.24411595E+02   1.26081321E+02   1.24032329E+02   1.25282125E+02
87096.3589877183   1.26053251E+02   2.11607880E+00   1.25911495E+02   1.26195697E+02   1.25209333E+02   1.26905155E+02   1.24858682E+02   1.26092053E+02
120226.4434485461   1.26805449E+02   2.12761356E+00   1.26659260E+02   1.26952367E+02   1.25949709E+02   1.27669228E+02   1.25625255E+02   1.26843484E+02
165958.6907223609   1.27504688E+02   2.13830591E+00   1.27354322E+02   1.27655821E+02   1.26638202E+02   1.28379257E+02   1.26337776E+02   1.27542009E+02
229086.7652428530   1.28155848E+02   2.14818467E+00   1.28001548E+02   1.28310952E+02   1.27279590E+02   1.29040228E+02   1.27001236E+02   1.28192504E+02
316227.7659955712   1.28763473E+02   2.15729292E+00   1.28605469E+02   1.28922316E+02   1.27878319E+02   1.29656782E+02   1.27620277E+02   1.28799509E+02
436515.8322024432   1.29331418E+02   2.16566165E+00   1.29169927E+02   1.29493783E+02   1.28438166E+02   1.30232854E+02   1.28198841E+02   1.29366875E+02
602559.5860107370   1.29863195E+02   2.17332952E+00   1.29698423E+02   1.30028873E+02   1.28962571E+02   1.30772029E+02   1.28740514E+02   1.29898110E+02
831763.7709989081   1.30361948E+02   2.18033311E+00   1.30194091E+02   1.30530743E+02   1.29454615E+02   1.31277514E+02   1.29248508E+02   1.30396356E+02
1148153.6213316441   1.30830501E+02   2.18670793E+00   1.30659744E+02   1.31002226E+02   1.29917063E+02   1.31752192E+02   1.29725705E+02   1.30864433E+02
1584893.1923611332   1.31271387E+02   2.19249160E+00   1.31097904E+02   1.31445870E+02   1.30352399E+02   1.32198648E+02   1.30174693E+02   1.31304873E+02
2187761.6237696099   1.31686907E+02   2.19771307E+00   1.31510862E+02   1.31863973E+02   1.30762878E+02   1.32619225E+02   1.30597818E+02   1.31719973E+02
3019951.7200957446   1.32079130E+02   2.20240140E+00   1.31900689E+02   1.32258626E+02   1.31150533E+02   1.33016036E+02   1.30997193E+02   1.32111801E+02
4168693.8342006827   1.32449934E+02   2.20659331E+00   1.32269240E+02   1.32631707E+02   1.31517198E+02   1.33390995E+02   1.31374732E+02   1.32482232E+02
5754399.3725673987   1.32801027E+02   2.21031262E+00   1.32618225E+02   1.32984934E+02   1.31864553E+02   1.33745844E+02   1.31732181E+02   1.32832975E+02
7943282.3467748347   1.33133941E+02   2.21358693E+00   1.32949163E+02   1.33319848E+02   1.32194097E+02   1.34082144E+02   1.32071099E+02   1.33165557E+02
10964781.9605757022   1.33450085E+02   2.21644010E+00   1.33263459E+02   1.33637863E+02   1.32507215E+02   1.34401331E+02   1.32392924E+02   1.33481388E+02
15135612.4828901734   1.33750746E+02   2.21889606E+00   1.33562392E+02   1.33940273E+02   1.32805167E+02   1.34704717E+02   1.32698969E+02   1.33781751E+02
20892961.3061081531   1.34037084E+02   2.22098134E+00   1.33847119E+02   1.34228245E+02   1.33089088E+02   1.34993485E+02   1.32990418E+02   1.34067809E+02
28840315.0273558663   1.34310173E+02   2.22268944E+00   1.34118703E+02   1.34502854E+02   1.33360050E+02   1.35268719E+02   1.33268362E+02   1.34340631E+02
39810717.0531701998   1.34570982E+02   2.22408086E+00   1.34378116E+02   1.34765083E+02   1.33618982E+02   1.35531431E+02   1.33533794E+02   1.34601187E+02
54954087.3817006010   1.34820423E+02   2.22514570E+00   1.34626257E+02   1.35015842E+02   1.33866787E+02   1.35782528E+02   1.33787640E+02   1.34850388E+02
75857757.4958575375   1.35059312E+02   2.22590715E+00   1.34863941E+02   1.35255954E+02   1.34104266E+02   1.36022847E+02   1.34030732E+02   1.35089048E+02
104712854.7933363138   1.35288404E+02   2.22638077E+00   1.35091917E+02   1.35486179E+02   1.34332159E+02   1.36253160E+02   1.34263841E+02   1.35317922E+02
144543977.0555978251   1.35508394E+02   2.22658095E+00   1.35310877E+02   1.35707216E+02   1.34551149E+02   1.36474172E+02   1.34487674E+02   1.35537705E+02
199526231.4867960874   1.35719934E+02   2.22652012E+00   1.35521470E+02   1.35919718E+02   1.34761876E+02   1.36686548E+02   1.34702896E+02   1.35749046E+02
275422870.3146071189   1.35923597E+02   2.22621278E+00   1.35724262E+02   1.36124267E+02   1.34964902E+02   1.36890872E+02   1.34910092E+02   1.35952520E+02
380189396.2867578083   1.36119932E+02   2.22566984E+00   1.35919800E+02   1.36321413E+02   1.35160765E+02   1.37087704E+02   1.35109820E+02   1.36148674E+02
524807460.1930522653   1.36309442E+02   2.22490265E+00   1.36108584E+02   1.36511663E+02   1.35349959E+02   1.37277555E+02   1.35302593E+02   1.36338010E+02
724435959.9828093833   1.36492591E+02   2.22392165E+00   1.36291075E+02   1.36695483E+02   1.35532939E+02   1.37460899E+02   1.35488883E+02   1.36520993E+02
999999999.9535888438   1.36669808E+02   2.22273664E+00   1.36467699E+02   1.36873307E+02   1.35710127E+02   1.37638173E+02   1.35669128E+02   1.36698051E+02
1380384264.5123626170   1.36841491E+02   2.22135695E+00   1.36638850E+02   1.37045534E+02   1.35881913E+02   1.37809781E+02   1.35843734E+02   1.36869581E+02
1905460717.8017709192   1.37008008E+02   2.21979150E+00   1.36804894E+02   1.37212536E+02   1.36048659E+02   1.37976099E+02   1.36013075E+02   1.37035951E+02
2630267991.6220698669   1.37169701E+02   2.21804862E+00   1.36966170E+02   1.37374656E+02   1.36210698E+02   1.38137475E+02   1.36177499E+02   1.37197503E+02
3630780547.2541487940   1.37326888E+02   2.21613590E+00   1.37122995E+02   1.37532216E+02   1.36368344E+02   1.38294234E+02   1.36337332E+02   1.37354554E+02
5011872336.0610056504   1.37479864E+02   2.21406124E+00   1.37275659E+02   1.37685513E+02   1.36521884E+02   1.38446676E+02   1.36492871E+02   1.37507398E+02
6918309708.7645147226   1.37629080E+02   2.21185093E+00   1.37424610E+02   1.37835003E+02   1.36671755E+02   1.38595269E+02   1.36644578E+02   1.37656487E+02
9549925859.4448653730   1.37774449E+02   2.20947286E+00   1.37569774E+02   1.37980596E+02   1.36817886E+02   1.38739909E+02   1.36792365E+02   1.37801734E+02
13182567384.2492111361   1.37916386E+02   2.20695488E+00   1.37711535E+02   1.38122709E+02   1.36960677E+02   1.38881026E+02   1.36936653E+02   1.37943553E+02
18197008583.9360514383   1.38055090E+02   2.20430002E+00   1.37850113E+02   1.38261547E+02   1.37100321E+02   1.39018823E+02   1.37077646E+02   1.38082141E+02
25118864314.1393974938   1.38190772E+02   2.20151457E+00   1.37985712E+02   1.38397321E+02   1.37237027E+02   1.39153516E+02   1.37215558E+02   1.38217713E+02
34673685043.2683898717   1.38323626E+02   2.19860406E+00   1.38118521E+02   1.38530226E+02   1.37370984E+02   1.39285302E+02   1.37350586E+02   1.38350459E+02
47863009228.6067221149   1.38453829E+02   2.19557365E+00   1.38248718E+02   1.38660441E+02   1.37502365E+02   1.39414362E+02   1.37482912E+02   1.38480557E+02
66069344794.4450691994   1.38581547E+02   2.19242827E+00   1.38376468E+02   1.38788135E+02   1.37631333E+02   1.39540865E+02   1.37612704E+02   1.38608174E+02
91201083925.1264982896   1.38706936E+02   2.18917264E+00   1.38501923E+02   1.38913464E+02   1.37758041E+02   1.39664971E+02   1.37740122E+02   1.38733464E+02
125892541175.1480709910   1.38830140E+02   2.18581124E+00   1.38625227E+02   1.39036574E+02   1.37882630E+02   1.39786828E+02   1.37865311E+02   1.38856572E+02
173780082865.7144314941   1.38951295E+02   2.18234845E+00   1.38746515E+02   1.39157602E+02   1.38005233E+02   1.39906573E+02   1.37988411E+02   1.38977633E+02
239883291884.6199053219   1.39070528E+02   2.17878828E+00   1.38865911E+02   1.39276676E+02   1.38125973E+02   1.40024335E+02   1.38109550E+02   1.39096775E+02
331131121452.3236303334   1.39187956E+02   2.17513472E+00   1.38983532E+02   1.39393915E+02   1.38244966E+02   1.40140236E+02   1.38228848E+02   1.39214113E+02
457088189564.3335648694   1.39303689E+02   2.17139159E+00   1.39099488E+02   1.39509431E+02   1.38362319E+02   1.40254388E+02   1.38346418E+02   1.39329759E+02
630957344461.4291639090   1.39417832E+02   2.16756254E+00   1.39213880E+02   1.39623328E+02   1.38478133E+02   1.40366897E+02   1.38462364E+02   1.39443817E+02
870963589913.4857562528   1.39530480E+02   2.16365105E+00   1.39326804E+02   1.39735704E+02   1.38592503E+02   1.40477862E+02   1.38576786E+02   1.39556381E+02
1202264434535.5725260276   1.39641733E+02   2.15965794E+00   1.39438362E+02   1.39846650E+02   1.38705527E+02   1.40587385E+02   1.38689785E+02   1.39667553E+02
1659586907292.7811623506   1.39751666E+02   2.15559270E+00   1.39548620E+02   1.39956267E+02   1.38817274E+02   1.40695541E+02   1.38801435E+02   1.39777405E+02
2290867652524.0140647252   1.39860358E+02   2.15145337E+00   1.39657662E+02   1.40064612E+02   1.38927826E+02   1.40802413E+02   1.38911820E+02   1.39886019E+02
3162277660087.5165711267   1.39967885E+02   2.14724422E+00   1.39765562E+02   1.40171771E+02   1.39037254E+02   1.40908079E+02   1.39021015E+02   1.39993469E+02
4365158322206.3736399677   1.40074318E+02   2.14276405E+00   1.39872388E+02   1.40277629E+02   1.39145628E+02   1.41012416E+02   1.39129093E+02   1.40099826E+02
6025595860358.5187453913   1.40179521E+02   2.13859724E+00   1.39978010E+02   1.40382598E+02   1.39252828E+02   1.41115856E+02   1.39235917E+02   1.40204955E+02
8317637710335.7619214981   1.40283931E+02   2.13419205E+00   1.40082856E+02   1.40486575E+02   1.39359256E+02   1.41218288E+02   1.39341930E+02   1.40309292E+02
11481536213794.9939080792   1.40387428E+02   2.12972773E+00   1.40186807E+02   1.40589619E+02   1.39464806E+02   1.41319771E+02   1.39447009E+02   1.40412716E+02
15848931924271.9197018290   1.40490064E+02   2.12520678E+00   1.40289916E+02   1.40691785E+02   1.39569530E+02   1.41420360E+02   1.39551210E+02   1.40515281E+02
21877616238607.9633154475   1.40591890E+02   2.12063161E+00   1.40392232E+02   1.40793122E+02   1.39673475E+02   1.41520107E+02   1.39654583E+02   1.40617037E+02
30199517202216.1690455911   1.40692953E+02   2.11600456E+00   1.40493802E+02   1.40893678E+02   1.39776688E+02   1.41619060E+02   1.39757176E+02   1.40718031E+02
41686938343744.3483498525   1.40793297E+02   2.11132788E+00   1.40594670E+02   1.40993499E+02   1.39879211E+02   1.41717264E+02   1.39859033E+02   1.40818306E+02
57543993728072.4334070396   1.40892962E+02   2.10660377E+00   1.40694874E+02   1.41092626E+02   1.39981084E+02   1.41814761E+02   1.39960198E+02   1.40917904E+02
79432823471059.1248705022   1.40991988E+02   2.10183434E+00   1.40794454E+02   1.41191098E+02   1.40082344E+02   1.41911593E+02   1.40060708E+02   1.41016863E+02
109647819610327.1667774216   1.41090411E+02   2.09702158E+00   1.40893445E+02   1.41288952E+02   1.40183027E+02   1.42007795E+02   1.40160601E+02   1.41115219E+02
151356124835210.2894671348   1.41188264E+02   2.09216756E+00   1.40991881E+02   1.41386223E+02   1.40283165E+02   1.42103403E+02   1.40259912E+02   1.41213007E+02
208929613069789.7618384511   1.41285579E+02   2.08727422E+00   1.41089792E+02   1.41482943E+02   1.40382788E+02   1.42198450E+02   1.40358672E+02   1.41310258E+02
288403150285579.3680086429   1.41382397E+02   2.08234069E+00   1.41187220E+02   1.41579142E+02   1.40481936E+02   1.42292978E+02   1.40456923E+02   1.41407011E+02
398107170548295.1896823483   1.41478732E+02   2.07748447E+00   1.41284175E+02   1.41674863E+02   1.40580622E+02   1.42387125E+02   1.40554679E+02   1.41503282E+02
549540873839910.9909486417   1.41574740E+02   2.07240098E+00   1.41380811E+02   1.41770244E+02   1.40678988E+02   1.42480691E+02   1.40652098E+02   1.41599227E+02
758577574990193.0496600956   1.41670210E+02   2.06737131E+00   1.41476924E+02   1.41865069E+02   1.40776846E+02   1.42573811E+02   1.40748968E+02   1.41694635E+02
1047128547977007.6781970958   1.41765276E+02   2.06234700E+00   1.41572644E+02   1.41959513E+02   1.40874320E+02   1.42666544E+02   1.40845424E+02   1.41789639E+02
1445439770616224.4869432598   1.41859997E+02   2.05722785E+00   1.41668028E+02   1.42053538E+02   1.40971462E+02   1.42758848E+02   1.40941526E+02   1.41884298E+02
1995262314951123.8308975205   1.41954326E+02   2.05211286E+00   1.41763031E+02   1.42147192E+02   1.41068231E+02   1.42850776E+02   1.41037226E+02   1.41978566E+02
2754228703260868.0251416251   1.42048315E+02   2.04696578E+00   1.41857709E+02   1.42240497E+02   1.41164681E+02   1.42942348E+02   1.41132577E+02   1.42072494E+02
3801893963026041.8296902419   1.42141989E+02   2.04180797E+00   1.41952068E+02   1.42333476E+02   1.41260818E+02   1.43033590E+02   1.41227604E+02   1.42166107E+02
5248074602149263.5144873406   1.42235350E+02   2.03662122E+00   1.42046129E+02   1.42426137E+02   1.41356664E+02   1.43124507E+02   1.41322311E+02   1.42259408E+02
7244359600130040.2769474521   1.42328423E+02   2.03141343E+00   1.42139910E+02   1.42518499E+02   1.41452232E+02   1.43215121E+02   1.41416721E+02   1.42352421E+02
9999999999952690.5571214791   1.42421221E+02   2.02618592E+00   1.42233424E+02   1.42610580E+02   1.41547539E+02   1.43305448E+02   1.41510848E+02   1.42445160E+02
