              ms               Mh              DMh         DMh_as_m         DMh_as_p         DMh_Mt_m         DMh_Mt_p          DMh_Q_m          DMh_Q_p
   99.9999999911   1.00885290E+02   1.97839593E+00   1.00877359E+02   1.00893107E+02   1.00533954E+02   1.01239876E+02   9.90924714E+01   1.00940573E+02
  138.0384264454   1.03472595E+02   1.96853088E+00   1.03450409E+02   1.03494710E+02   1.03054622E+02   1.03894708E+02   1.01746008E+02   1.03525728E+02
  190.5460717722   1.05797178E+02   1.97090298E+00   1.05762136E+02   1.05832200E+02   1.05320010E+02   1.06279202E+02   1.04128051E+02   1.05848371E+02
  263.0267991512   1.07892196E+02   1.98179257E+00   1.07845412E+02   1.07939017E+02   1.07362110E+02   1.08427722E+02   1.06273336E+02   1.07941632E+02
  363.0780547102   1.09785820E+02   1.99849526E+00   1.09728209E+02   1.09843527E+02   1.09208156E+02   1.10369399E+02   1.08211251E+02   1.09833656E+02
  501.1872335852   1.11502072E+02   2.01906126E+00   1.11434404E+02   1.11569897E+02   1.10881412E+02   1.12129035E+02   1.09966777E+02   1.11548449E+02
  691.8309708476   1.13061526E+02   2.04209033E+00   1.12984464E+02   1.13138804E+02   1.12401830E+02   1.13727842E+02   1.11561250E+02   1.13106568E+02
  954.9925859046   1.14481873E+02   2.06658206E+00   1.14396000E+02   1.14568021E+02   1.13786586E+02   1.15184039E+02   1.13012979E+02   1.14525690E+02
 1318.2567383699   1.15778389E+02   2.09182562E+00   1.15684223E+02   1.15872889E+02   1.15050522E+02   1.16513343E+02   1.14337742E+02   1.15821080E+02
 1819.7008583177   1.16964315E+02   2.11731948E+00   1.16862321E+02   1.17066700E+02   1.16206516E+02   1.17729369E+02   1.15549196E+02   1.17005970E+02
 2511.8864313092   1.18051174E+02   2.14271328E+00   1.17941775E+02   1.18161020E+02   1.17265782E+02   1.18843954E+02   1.16659209E+02   1.18091872E+02
 3467.3685041823   1.19049028E+02   2.16776592E+00   1.18932609E+02   1.19165950E+02   1.18238118E+02   1.19867431E+02   1.17678133E+02   1.19088843E+02
 4786.3009226611   1.19966699E+02   2.19231513E+00   1.19843614E+02   1.20090340E+02   1.19132118E+02   1.20808851E+02   1.18615034E+02   1.20005695E+02
 6606.9344791691   1.20811941E+02   2.21625501E+00   1.20682516E+02   1.20941973E+02   1.19955340E+02   1.21676170E+02   1.19477876E+02   1.20850177E+02
 9120.1083921325   1.21591595E+02   2.23952228E+00   1.21456132E+02   1.21727715E+02   1.20714454E+02   1.22476403E+02   1.20273678E+02   1.21629127E+02
12589.2541169900   1.22311716E+02   2.26208142E+00   1.22170495E+02   1.22453642E+02   1.21415367E+02   1.23215755E+02   1.21008650E+02   1.22348592E+02
17378.0082858471   1.22977676E+02   2.28391835E+00   1.22830957E+02   1.23125146E+02   1.22063321E+02   1.23899731E+02   1.21688296E+02   1.23013941E+02
23988.3291874621   1.23594257E+02   2.30503426E+00   1.23442283E+02   1.23747027E+02   1.22662983E+02   1.24533229E+02   1.22317515E+02   1.23629953E+02
33113.1121438522   1.24165722E+02   2.32544024E+00   1.24008721E+02   1.24323565E+02   1.23218515E+02   1.25120616E+02   1.22900673E+02   1.24200888E+02
45708.8189545282   1.24695888E+02   2.34515458E+00   1.24534070E+02   1.24858590E+02   1.23733645E+02   1.25665798E+02   1.23441674E+02   1.24730557E+02
63095.7344435130   1.25188175E+02   2.36420028E+00   1.25021739E+02   1.25355536E+02   1.24211712E+02   1.26172276E+02   1.23944017E+02   1.25222380E+02
87096.3589877183   1.25645658E+02   2.38260302E+00   1.25474791E+02   1.25817490E+02   1.24655723E+02   1.26643198E+02   1.24410848E+02   1.25679428E+02
120226.4434485461   1.26071139E+02   2.40038952E+00   1.25896017E+02   1.26247266E+02   1.25068415E+02   1.27081429E+02   1.24845030E+02   1.26104502E+02
165958.6907223609   1.26467074E+02   2.41758999E+00   1.26287858E+02   1.26647331E+02   1.25452187E+02   1.27489482E+02   1.25249074E+02   1.26500054E+02
229086.7652428530   1.26835766E+02   2.43423063E+00   1.26652612E+02   1.27019998E+02   1.25809294E+02   1.27869712E+02   1.25625334E+02   1.26868388E+02
316227.7659955712   1.27179213E+02   2.45034180E+00   1.26992265E+02   1.27367273E+02   1.26141685E+02   1.28224163E+02   1.25975849E+02   1.27211497E+02
436515.8322024432   1.27499297E+02   2.46594977E+00   1.27308692E+02   1.27691049E+02   1.26451203E+02   1.28554761E+02   1.26302544E+02   1.27531265E+02
602559.5860107370   1.27797712E+02   2.48108097E+00   1.27603578E+02   1.27993026E+02   1.26739502E+02   1.28863233E+02   1.26607145E+02   1.27829381E+02
831763.7709989081   1.28075997E+02   2.49576078E+00   1.27878457E+02   1.28274750E+02   1.27008091E+02   1.29151157E+02   1.26891227E+02   1.28107385E+02
1148153.6213316441   1.28335559E+02   2.51001348E+00   1.28134726E+02   1.28537636E+02   1.27258344E+02   1.29419968E+02   1.27156223E+02   1.28366682E+02
1584893.1923611332   1.28577683E+02   2.52386212E+00   1.28373666E+02   1.28782975E+02   1.27491518E+02   1.29670981E+02   1.27403448E+02   1.28608557E+02
2187761.6237696099   1.28803547E+02   2.53732863E+00   1.28596448E+02   1.29011951E+02   1.27708766E+02   1.29905398E+02   1.27634101E+02   1.28834185E+02
3019951.7200957446   1.29014260E+02   2.55043143E+00   1.28804180E+02   1.29225675E+02   1.27911175E+02   1.30124352E+02   1.27849315E+02   1.29044676E+02
4168693.8342006827   1.29210775E+02   2.56319345E+00   1.28997802E+02   1.29425111E+02   1.28099675E+02   1.30328818E+02   1.28050062E+02   1.29240981E+02
5754399.3725673987   1.29394013E+02   2.57563243E+00   1.29178234E+02   1.29611182E+02   1.28275167E+02   1.30519736E+02   1.28237281E+02   1.29424020E+02
7943282.3467748347   1.29564810E+02   2.58776576E+00   1.29346307E+02   1.29784730E+02   1.28438472E+02   1.30697961E+02   1.28411826E+02   1.29594630E+02
10964781.9605757022   1.29723939E+02   2.59960905E+00   1.29502791E+02   1.29946531E+02   1.28590344E+02   1.30864282E+02   1.28574484E+02   1.29753581E+02
15135612.4828901734   1.29872115E+02   2.61117907E+00   1.29648395E+02   1.30097304E+02   1.28731483E+02   1.31019428E+02   1.28725985E+02   1.29901589E+02
20892961.3061081531   1.30009995E+02   2.62248993E+00   1.29783774E+02   1.30237711E+02   1.28862534E+02   1.31164073E+02   1.28867000E+02   1.30039310E+02
28840315.0273558663   1.30138189E+02   2.63355551E+00   1.29909533E+02   1.30368365E+02   1.28984092E+02   1.31298838E+02   1.28998149E+02   1.30167354E+02
39810717.0531701998   1.30257261E+02   2.64438916E+00   1.30026233E+02   1.30489832E+02   1.29096709E+02   1.31424298E+02   1.29120007E+02   1.30286282E+02
54954087.3817006010   1.30367732E+02   2.65500387E+00   1.30134392E+02   1.30602638E+02   1.29200895E+02   1.31540988E+02   1.29233107E+02   1.30396618E+02
75857757.4958575375   1.30470086E+02   2.66540797E+00   1.30234493E+02   1.30707270E+02   1.29297128E+02   1.31649401E+02   1.29337942E+02   1.30498844E+02
104712854.7933363138   1.30564774E+02   2.67561418E+00   1.30326983E+02   1.30804174E+02   1.29385846E+02   1.31749998E+02   1.29434970E+02   1.30593410E+02
144543977.0555978251   1.30652212E+02   2.68563261E+00   1.30412277E+02   1.30893795E+02   1.29467458E+02   1.31843202E+02   1.29524617E+02   1.30680733E+02
199526231.4867960874   1.30732798E+02   2.69548261E+00   1.30490758E+02   1.30976501E+02   1.29542341E+02   1.31929420E+02   1.29607287E+02   1.30761209E+02
275422870.3146071189   1.30806883E+02   2.70516568E+00   1.30562786E+02   1.31052654E+02   1.29610854E+02   1.32009018E+02   1.29683340E+02   1.30835190E+02
380189396.2867578083   1.30874842E+02   2.71466430E+00   1.30628746E+02   1.31122638E+02   1.29673365E+02   1.32082352E+02   1.29753157E+02   1.30903050E+02
524807460.1930522653   1.30936940E+02   2.72403277E+00   1.30688880E+02   1.31186722E+02   1.29730123E+02   1.32149730E+02   1.29817008E+02   1.30965055E+02
724435959.9828093833   1.30993487E+02   2.73325782E+00   1.30743503E+02   1.31245214E+02   1.29781436E+02   1.32211450E+02   1.29875209E+02   1.31021513E+02
999999999.9535888438   1.31044758E+02   2.74234750E+00   1.30792887E+02   1.31298390E+02   1.29827570E+02   1.32267794E+02   1.29928040E+02   1.31072699E+02
1380384264.5123626170   1.31091007E+02   2.75130859E+00   1.30837287E+02   1.31346508E+02   1.29868778E+02   1.32319022E+02   1.29975760E+02   1.31118867E+02
1905460717.8017709192   1.31132473E+02   2.76014806E+00   1.30876939E+02   1.31389809E+02   1.29905293E+02   1.32365380E+02   1.30018614E+02   1.31160258E+02
2630267991.6220698669   1.31169383E+02   2.76887173E+00   1.30912069E+02   1.31428518E+02   1.29937335E+02   1.32407098E+02   1.30056831E+02   1.31197095E+02
3630780547.2541487940   1.31201945E+02   2.77748566E+00   1.30942883E+02   1.31462848E+02   1.29965109E+02   1.32444388E+02   1.30090625E+02   1.31229588E+02
5011872336.0610056504   1.31230357E+02   2.78599608E+00   1.30969576E+02   1.31492997E+02   1.29988808E+02   1.32477453E+02   1.30120195E+02   1.31257934E+02
6918309708.7645147226   1.31254801E+02   2.79440900E+00   1.30992332E+02   1.31519149E+02   1.30008610E+02   1.32506480E+02   1.30145731E+02   1.31282316E+02
9549925859.4448653730   1.31275449E+02   2.80273006E+00   1.31011318E+02   1.31541477E+02   1.30024682E+02   1.32531645E+02   1.30167405E+02   1.31302906E+02
13182567384.2492111361   1.31292465E+02   2.81096461E+00   1.31026698E+02   1.31560146E+02   1.30037184E+02   1.32553115E+02   1.30185383E+02   1.31319865E+02
18197008583.9360514383   1.31305997E+02   2.81911735E+00   1.31038620E+02   1.31575308E+02   1.30046263E+02   1.32571043E+02   1.30199820E+02   1.31333344E+02
25118864314.1393974938   1.31316190E+02   2.82719151E+00   1.31047226E+02   1.31587104E+02   1.30052057E+02   1.32585575E+02   1.30210863E+02   1.31343485E+02
34673685043.2683898717   1.31323174E+02   2.83519425E+00   1.31052647E+02   1.31595671E+02   1.30054697E+02   1.32596847E+02   1.30218641E+02   1.31350422E+02
47863009228.6067221149   1.31327076E+02   2.84312845E+00   1.31055006E+02   1.31601133E+02   1.30054304E+02   1.32604987E+02   1.30223285E+02   1.31354278E+02
66069344794.4450691994   1.31328013E+02   2.85099879E+00   1.31054421E+02   1.31603609E+02   1.30050992E+02   1.32610115E+02   1.30224915E+02   1.31355172E+02
91201083925.1264982896   1.31326094E+02   2.85880950E+00   1.31050999E+02   1.31603209E+02   1.30044868E+02   1.32612343E+02   1.30223641E+02   1.31353211E+02
125892541175.1480709910   1.31321455E+02   2.86655771E+00   1.31044881E+02   1.31600040E+02   1.30036066E+02   1.32611812E+02   1.30219603E+02   1.31348533E+02
173780082865.7144314941   1.31314146E+02   2.87426537E+00   1.31036106E+02   1.31594241E+02   1.30024632E+02   1.32608572E+02   1.30212851E+02   1.31341187E+02
239883291884.6199053219   1.31304274E+02   2.88191889E+00   1.31024786E+02   1.31585836E+02   1.30010672E+02   1.32602733E+02   1.30203495E+02   1.31331280E+02
331131121452.3236303334   1.31291925E+02   2.88952766E+00   1.31011004E+02   1.31574937E+02   1.29994269E+02   1.32594384E+02   1.30191622E+02   1.31318898E+02
457088189564.3335648694   1.31277180E+02   2.89709479E+00   1.30994840E+02   1.31561627E+02   1.29975500E+02   1.32583607E+02   1.30177315E+02   1.31304122E+02
630957344461.4291639090   1.31260114E+02   2.90462993E+00   1.30976370E+02   1.31545982E+02   1.29954440E+02   1.32570486E+02   1.30160649E+02   1.31287025E+02
870963589913.4857562528   1.31240796E+02   2.91212321E+00   1.30955669E+02   1.31528072E+02   1.29931156E+02   1.32555081E+02   1.30141698E+02   1.31267680E+02
1202264434535.5725260276   1.31219301E+02   2.91958746E+00   1.30932788E+02   1.31507970E+02   1.29905711E+02   1.32537465E+02   1.30120533E+02   1.31246157E+02
1659586907292.7811623506   1.31195675E+02   2.92702205E+00   1.30907797E+02   1.31485728E+02   1.29878167E+02   1.32517704E+02   1.30097207E+02   1.31222507E+02
2290867652524.0140647252   1.31169986E+02   2.93443137E+00   1.30880753E+02   1.31461409E+02   1.29848580E+02   1.32495858E+02   1.30071785E+02   1.31196793E+02
3162277660087.5165711267   1.31142285E+02   2.94181829E+00   1.30851708E+02   1.31435070E+02   1.29817001E+02   1.32471982E+02   1.30044321E+02   1.31169070E+02
4365158322206.3736399677   1.31112634E+02   2.94917906E+00   1.30820723E+02   1.31406769E+02   1.29783496E+02   1.32446137E+02   1.30014877E+02   1.31139398E+02
6025595860358.5187453913   1.31081064E+02   2.95653030E+00   1.30787827E+02   1.31376541E+02   1.29748080E+02   1.32418359E+02   1.29983486E+02   1.31107807E+02
8317637710335.7619214981   1.31047625E+02   2.96386792E+00   1.30753072E+02   1.31344435E+02   1.29710809E+02   1.32388698E+02   1.29950198E+02   1.31074350E+02
11481536213794.9939080792   1.31012357E+02   2.97119485E+00   1.30716495E+02   1.31310493E+02   1.29671722E+02   1.32357196E+02   1.29915055E+02   1.31039064E+02
15848931924271.9197018290   1.30975296E+02   2.97851454E+00   1.30678132E+02   1.31274750E+02   1.29630852E+02   1.32323890E+02   1.29878093E+02   1.31001987E+02
21877616238607.9633154475   1.30936490E+02   2.98582825E+00   1.30638032E+02   1.31237254E+02   1.29588245E+02   1.32288831E+02   1.29839361E+02   1.30963165E+02
30199517202216.1690455911   1.30895955E+02   2.99314756E+00   1.30596209E+02   1.31198025E+02   1.29543908E+02   1.32252036E+02   1.29798876E+02   1.30922616E+02
41686938343744.3483498525   1.30853718E+02   3.00045987E+00   1.30552688E+02   1.31157088E+02   1.29497892E+02   1.32213542E+02   1.29756665E+02   1.30880365E+02
57543993728072.4334070396   1.30809823E+02   3.00776602E+00   1.30507514E+02   1.31114488E+02   1.29450213E+02   1.32173367E+02   1.29712773E+02   1.30836457E+02
79432823471059.1248705022   1.30764286E+02   3.01508726E+00   1.30460703E+02   1.31070242E+02   1.29400894E+02   1.32131558E+02   1.29667216E+02   1.30790909E+02
109647819610327.1667774216   1.30717129E+02   3.02241706E+00   1.30412276E+02   1.31024373E+02   1.29349956E+02   1.32088129E+02   1.29620019E+02   1.30743742E+02
151356124835210.2894671348   1.30668375E+02   3.02975825E+00   1.30362254E+02   1.30976902E+02   1.29297420E+02   1.32043102E+02   1.29571202E+02   1.30694977E+02
208929613069789.7618384511   1.30618040E+02   3.03711355E+00   1.30310654E+02   1.30927849E+02   1.29243301E+02   1.31996497E+02   1.29520784E+02   1.30644633E+02
288403150285579.3680086429   1.30566142E+02   3.04448567E+00   1.30257494E+02   1.30877230E+02   1.29187614E+02   1.31948333E+02   1.29468782E+02   1.30592727E+02
398107170548295.1896823483   1.30512694E+02   3.05187751E+00   1.30202784E+02   1.30825060E+02   1.29130372E+02   1.31898624E+02   1.29415211E+02   1.30539271E+02
549540873839910.9909486417   1.30457708E+02   3.05929157E+00   1.30146538E+02   1.30771351E+02   1.29071585E+02   1.31847384E+02   1.29360082E+02   1.30484278E+02
758577574990193.0496600956   1.30401194E+02   3.06673094E+00   1.30088765E+02   1.30716115E+02   1.29011263E+02   1.31794625E+02   1.29303406E+02   1.30427758E+02
1047128547977007.6781970958   1.30343162E+02   3.07419830E+00   1.30029473E+02   1.30659360E+02   1.28949411E+02   1.31740356E+02   1.29245193E+02   1.30369721E+02
1445439770616224.4869432598   1.30283617E+02   3.08169653E+00   1.29968668E+02   1.30601092E+02   1.28886035E+02   1.31684587E+02   1.29185449E+02   1.30310171E+02
1995262314951123.8308975205   1.30222535E+02   3.08925535E+00   1.29906322E+02   1.30541290E+02   1.28821109E+02   1.31627322E+02   1.29124149E+02   1.30249084E+02
2754228703260868.0251416251   1.30159977E+02   3.09679593E+00   1.29842501E+02   1.30480013E+02   1.28754692E+02   1.31568536E+02   1.29061355E+02   1.30186523E+02
3801893963026041.8296902419   1.30095916E+02   3.10440419E+00   1.29777174E+02   1.30417235E+02   1.28686755E+02   1.31508293E+02   1.28997040E+02   1.30122459E+02
5248074602149263.5144873406   1.30030351E+02   3.11205515E+00   1.29710340E+02   1.30352956E+02   1.28617296E+02   1.31446565E+02   1.28931204E+02   1.30056891E+02
7244359600130040.2769474521   1.29963280E+02   3.11975185E+00   1.29641997E+02   1.30287175E+02   1.28546312E+02   1.31383349E+02   1.28863845E+02   1.29989819E+02
9999999999952690.5571214791   1.29894702E+02   3.12749726E+00   1.29572142E+02   1.30219890E+02   1.28473798E+02   1.31318646E+02   1.28794960E+02   1.29921239E+02
