              ms               Mh              DMh         DMh_as_m         DMh_as_p         DMh_Mt_m         DMh_Mt_p          DMh_Q_m          DMh_Q_p
   99.9999999911   1.02219975E+02   1.95815328E+00   1.02211217E+02   1.02228538E+02   1.01838192E+02   1.02604853E+02   1.00471867E+02   1.02273615E+02
  138.0384264454   1.04606478E+02   1.95651599E+00   1.04583027E+02   1.04629777E+02   1.04161856E+02   1.05055018E+02   1.02918014E+02   1.04658138E+02
  190.5460717722   1.06761130E+02   1.96488808E+00   1.06724494E+02   1.06797667E+02   1.06260359E+02   1.07266492E+02   1.05124838E+02   1.06810996E+02
  263.0267991512   1.08711066E+02   1.98017818E+00   1.08662443E+02   1.08759650E+02   1.08159847E+02   1.09267425E+02   1.07120724E+02   1.08759299E+02
  363.0780547102   1.10479856E+02   2.00013063E+00   1.10420223E+02   1.10539510E+02   1.09883088E+02   1.11082214E+02   1.08930231E+02   1.10526598E+02
  501.1872335852   1.12087956E+02   2.02311521E+00   1.12018132E+02   1.12157862E+02   1.11449874E+02   1.12731997E+02   1.10574608E+02   1.12133335E+02
  691.8309708476   1.13553133E+02   2.04796002E+00   1.13473821E+02   1.13632590E+02   1.12877420E+02   1.14235109E+02   1.12072266E+02   1.13597262E+02
  954.9925859046   1.14890847E+02   2.07382833E+00   1.14802656E+02   1.14979244E+02   1.14180724E+02   1.15607481E+02   1.13439189E+02   1.14933827E+02
 1318.2567383699   1.16114574E+02   2.10012707E+00   1.16018044E+02   1.16211371E+02   1.15372871E+02   1.16862991E+02   1.14689289E+02   1.16156497E+02
 1819.7008583177   1.17236094E+02   2.12643988E+00   1.17131707E+02   1.17340808E+02   1.16465308E+02   1.18013756E+02   1.15834706E+02   1.17277042E+02
 2511.8864313092   1.18265729E+02   2.15247828E+00   1.18153918E+02   1.18377924E+02   1.17468074E+02   1.19070389E+02   1.16886067E+02   1.18305775E+02
 3467.3685041823   1.19212548E+02   2.17804632E+00   1.19093708E+02   1.19331828E+02   1.18389995E+02   1.20042209E+02   1.17852699E+02   1.19251761E+02
 4786.3009226611   1.20084544E+02   2.20301438E+00   1.19959035E+02   1.20210547E+02   1.19238851E+02   1.20937421E+02   1.18742811E+02   1.20122982E+02
 6606.9344791691   1.20888776E+02   2.22730264E+00   1.20756930E+02   1.21021170E+02   1.20021520E+02   1.21763273E+02   1.19563651E+02   1.20926497E+02
 9120.1083921325   1.21631498E+02   2.25086431E+00   1.21493620E+02   1.21769976E+02   1.20744096E+02   1.22526182E+02   1.20321634E+02   1.21668552E+02
12589.2541169900   1.22318267E+02   2.27367630E+00   1.22174640E+02   1.22462544E+02   1.21411997E+02   1.23231843E+02   1.21022457E+02   1.22354700E+02
17378.0082858471   1.22954027E+02   2.29574381E+00   1.22804910E+02   1.23103842E+02   1.22030040E+02   1.23885334E+02   1.21671184E+02   1.22989882E+02
23988.3291874621   1.23543193E+02   2.31705820E+00   1.23388832E+02   1.23698298E+02   1.22602539E+02   1.24491165E+02   1.22272338E+02   1.23578508E+02
33113.1121438522   1.24089716E+02   2.33764942E+00   1.23930337E+02   1.24249884E+02   1.23133344E+02   1.25053395E+02   1.22829962E+02   1.24124527E+02
45708.8189545282   1.24597136E+02   2.35753714E+00   1.24432951E+02   1.24762154E+02   1.23625913E+02   1.25575649E+02   1.23347679E+02   1.24631476E+02
63095.7344435130   1.25068637E+02   2.37674712E+00   1.24899845E+02   1.25238306E+02   1.24083353E+02   1.26061187E+02   1.23828745E+02   1.25102537E+02
87096.3589877183   1.25507087E+02   2.39530747E+00   1.25333872E+02   1.25681219E+02   1.24508464E+02   1.26512943E+02   1.24276092E+02   1.25540573E+02
120226.4434485461   1.25915105E+02   2.41324679E+00   1.25737643E+02   1.26093524E+02   1.24903807E+02   1.26933600E+02   1.24692398E+02   1.25948204E+02
165958.6907223609   1.26294986E+02   2.43059668E+00   1.26113439E+02   1.26477530E+02   1.25271621E+02   1.27325507E+02   1.25080008E+02   1.26327722E+02
229086.7652428530   1.26648895E+02   2.44738439E+00   1.26463417E+02   1.26835408E+02   1.25614024E+02   1.27690878E+02   1.25441133E+02   1.26681290E+02
316227.7659955712   1.26978703E+02   2.46364109E+00   1.26789436E+02   1.27169040E+02   1.25932840E+02   1.28031628E+02   1.25777684E+02   1.27010776E+02
436515.8322024432   1.27286183E+02   2.47939368E+00   1.27093264E+02   1.27480208E+02   1.26229805E+02   1.28349572E+02   1.26091473E+02   1.27317955E+02
602559.5860107370   1.27572928E+02   2.49466902E+00   1.27376484E+02   1.27770513E+02   1.26506477E+02   1.28646338E+02   1.26384126E+02   1.27604416E+02
831763.7709989081   1.27840393E+02   2.50949287E+00   1.27640544E+02   1.28041415E+02   1.26764274E+02   1.28923413E+02   1.26657127E+02   1.27871613E+02
1148153.6213316441   1.28089904E+02   2.52388974E+00   1.27886764E+02   1.28294250E+02   1.27004497E+02   1.29182155E+02   1.26911830E+02   1.28120871E+02
1584893.1923611332   1.28322676E+02   2.53788291E+00   1.28116354E+02   1.28530238E+02   1.27228333E+02   1.29423806E+02   1.27149477E+02   1.28353406E+02
2187761.6237696099   1.28539825E+02   2.55149449E+00   1.28330419E+02   1.28750499E+02   1.27436871E+02   1.29649505E+02   1.27371203E+02   1.28570330E+02
3019951.7200957446   1.28742404E+02   2.56474303E+00   1.28530016E+02   1.28956091E+02   1.27631143E+02   1.29860329E+02   1.27578084E+02   1.28772697E+02
4168693.8342006827   1.28931312E+02   2.57765192E+00   1.28716029E+02   1.29147924E+02   1.27812029E+02   1.30057198E+02   1.27771039E+02   1.28961405E+02
5754399.3725673987   1.29107425E+02   2.59023826E+00   1.28889332E+02   1.29326875E+02   1.27980384E+02   1.30241007E+02   1.27950959E+02   1.29137328E+02
7943282.3467748347   1.29271539E+02   2.60251957E+00   1.29050718E+02   1.29493745E+02   1.28136986E+02   1.30412569E+02   1.28118656E+02   1.29301263E+02
10964781.9605757022   1.29424386E+02   2.61451260E+00   1.29200915E+02   1.29649271E+02   1.28282554E+02   1.30572633E+02   1.28274878E+02   1.29453942E+02
15135612.4828901734   1.29566648E+02   2.62623262E+00   1.29340599E+02   1.29794137E+02   1.28417753E+02   1.30721895E+02   1.28420319E+02   1.29596043E+02
20892961.3061081531   1.29698952E+02   2.63769451E+00   1.29470395E+02   1.29928975E+02   1.28543195E+02   1.30860996E+02   1.28555619E+02   1.29728195E+02
28840315.0273558663   1.29821878E+02   2.64891195E+00   1.29590879E+02   1.30054369E+02   1.28659451E+02   1.30990530E+02   1.28681370E+02   1.29850977E+02
39810717.0531701998   1.29935965E+02   2.65989853E+00   1.29702586E+02   1.30170860E+02   1.28767045E+02   1.31111045E+02   1.28798119E+02   1.29964928E+02
54954087.3817006010   1.30041709E+02   2.67066634E+00   1.29806010E+02   1.30278950E+02   1.28866465E+02   1.31223051E+02   1.28906375E+02   1.30070544E+02
75857757.4958575375   1.30139575E+02   2.68122708E+00   1.29901611E+02   1.30379104E+02   1.28958163E+02   1.31327020E+02   1.29006609E+02   1.30168286E+02
104712854.7933363138   1.30229990E+02   2.69159176E+00   1.29989816E+02   1.30471753E+02   1.29042559E+02   1.31423392E+02   1.29099259E+02   1.30258586E+02
144543977.0555978251   1.30313356E+02   2.70177093E+00   1.30071022E+02   1.30557301E+02   1.29120045E+02   1.31512574E+02   1.29184733E+02   1.30341841E+02
199526231.4867960874   1.30390043E+02   2.71177426E+00   1.30145598E+02   1.30636122E+02   1.29190983E+02   1.31594947E+02   1.29263408E+02   1.30418424E+02
275422870.3146071189   1.30460398E+02   2.72161121E+00   1.30213888E+02   1.30708565E+02   1.29255713E+02   1.31670865E+02   1.29335638E+02   1.30488680E+02
380189396.2867578083   1.30524784E+02   2.73128775E+00   1.30276259E+02   1.30774989E+02   1.29314591E+02   1.31740697E+02   1.29401794E+02   1.30552972E+02
524807460.1930522653   1.30583444E+02   2.74081723E+00   1.30332940E+02   1.30835649E+02   1.29367852E+02   1.31804693E+02   1.29462122E+02   1.30611542E+02
724435959.9828093833   1.30636679E+02   2.75020554E+00   1.30384236E+02   1.30890844E+02   1.29415792E+02   1.31863162E+02   1.29516930E+02   1.30664692E+02
999999999.9535888438   1.30684751E+02   2.75946014E+00   1.30430408E+02   1.30940838E+02   1.29458667E+02   1.31916371E+02   1.29566485E+02   1.30712685E+02
1380384264.5123626170   1.30727907E+02   2.76858807E+00   1.30471700E+02   1.30985879E+02   1.29496718E+02   1.31964571E+02   1.29611038E+02   1.30755764E+02
1905460717.8017709192   1.30766376E+02   2.77759648E+00   1.30508338E+02   1.31026198E+02   1.29530168E+02   1.32007997E+02   1.29650821E+02   1.30794160E+02
2630267991.6220698669   1.30800372E+02   2.78649164E+00   1.30540537E+02   1.31062012E+02   1.29559227E+02   1.32046869E+02   1.29686055E+02   1.30828087E+02
3630780547.2541487940   1.30830097E+02   2.79527989E+00   1.30568497E+02   1.31093523E+02   1.29584094E+02   1.32081394E+02   1.29716945E+02   1.30857747E+02
5011872336.0610056504   1.30855740E+02   2.80396727E+00   1.30592403E+02   1.31120921E+02   1.29604950E+02   1.32111763E+02   1.29743682E+02   1.30883327E+02
6918309708.7645147226   1.30877476E+02   2.81255930E+00   1.30612431E+02   1.31144385E+02   1.29621969E+02   1.32138157E+02   1.29766447E+02   1.30905005E+02
9549925859.4448653730   1.30895470E+02   2.82106163E+00   1.30628744E+02   1.31164079E+02   1.29635310E+02   1.32160744E+02   1.29785405E+02   1.30922942E+02
13182567384.2492111361   1.30909877E+02   2.82947930E+00   1.30641496E+02   1.31180161E+02   1.29645127E+02   1.32179684E+02   1.29800717E+02   1.30937297E+02
18197008583.9360514383   1.30920843E+02   2.83781739E+00   1.30650831E+02   1.31192776E+02   1.29651559E+02   1.32195125E+02   1.29812529E+02   1.30948212E+02
25118864314.1393974938   1.30928503E+02   2.84608076E+00   1.30656884E+02   1.31202063E+02   1.29654740E+02   1.32207206E+02   1.29820981E+02   1.30955824E+02
34673685043.2683898717   1.30932986E+02   2.85427275E+00   1.30659781E+02   1.31208150E+02   1.29654794E+02   1.32216060E+02   1.29826206E+02   1.30960262E+02
47863009228.6067221149   1.30934411E+02   2.86240056E+00   1.30659641E+02   1.31211158E+02   1.29651838E+02   1.32221808E+02   1.29828320E+02   1.30961643E+02
66069344794.4450691994   1.30932889E+02   2.87046723E+00   1.30656574E+02   1.31211200E+02   1.29645981E+02   1.32224565E+02   1.29827439E+02   1.30960081E+02
91201083925.1264982896   1.30928526E+02   2.87847660E+00   1.30650686E+02   1.31208381E+02   1.29637324E+02   1.32224438E+02   1.29823670E+02   1.30955679E+02
125892541175.1480709910   1.30921455E+02   2.88642609E+00   1.30642111E+02   1.31202803E+02   1.29625998E+02   1.32221564E+02   1.29817150E+02   1.30948571E+02
173780082865.7144314941   1.30911719E+02   2.89433838E+00   1.30630884E+02   1.31194603E+02   1.29612044E+02   1.32215989E+02   1.29807922E+02   1.30938800E+02
239883291884.6199053219   1.30899422E+02   2.90220553E+00   1.30617114E+02   1.31183799E+02   1.29595564E+02   1.32207826E+02   1.29796093E+02   1.30926471E+02
331131121452.3236303334   1.30884654E+02   2.91002440E+00   1.30600886E+02   1.31170501E+02   1.29576638E+02   1.32197147E+02   1.29781753E+02   1.30911671E+02
457088189564.3335648694   1.30867477E+02   2.91780761E+00   1.30582265E+02   1.31154793E+02   1.29555339E+02   1.32184036E+02   1.29764967E+02   1.30894465E+02
630957344461.4291639090   1.30847971E+02   2.92554928E+00   1.30561327E+02   1.31136735E+02   1.29531744E+02   1.32168568E+02   1.29745815E+02   1.30874930E+02
870963589913.4857562528   1.30826200E+02   2.93326533E+00   1.30538138E+02   1.31116401E+02   1.29505904E+02   1.32150812E+02   1.29724365E+02   1.30853133E+02
1202264434535.5725260276   1.30802229E+02   2.94095350E+00   1.30512760E+02   1.31093853E+02   1.29477885E+02   1.32130832E+02   1.29700680E+02   1.30829137E+02
1659586907292.7811623506   1.30776116E+02   2.94861710E+00   1.30485252E+02   1.31069153E+02   1.29447747E+02   1.32108689E+02   1.29674821E+02   1.30803001E+02
2290867652524.0140647252   1.30747917E+02   2.95625803E+00   1.30455675E+02   1.31042356E+02   1.29415540E+02   1.32084441E+02   1.29646845E+02   1.30774779E+02
3162277660087.5165711267   1.30717693E+02   2.96388346E+00   1.30424069E+02   1.31013524E+02   1.29381326E+02   1.32058151E+02   1.29616814E+02   1.30744535E+02
4365158322206.3736399677   1.30685473E+02   2.97149268E+00   1.30390484E+02   1.30982687E+02   1.29345131E+02   1.32029851E+02   1.29584758E+02   1.30712296E+02
6025595860358.5187453913   1.30651309E+02   2.97909001E+00   1.30354962E+02   1.30949898E+02   1.29307005E+02   1.31999594E+02   1.29550729E+02   1.30678114E+02
8317637710335.7619214981   1.30615240E+02   2.98667918E+00   1.30317543E+02   1.30915196E+02   1.29266985E+02   1.31967420E+02   1.29514767E+02   1.30642027E+02
11481536213794.9939080792   1.30577303E+02   2.99426021E+00   1.30278271E+02   1.30878619E+02   1.29225107E+02   1.31933369E+02   1.29476912E+02   1.30604074E+02
15848931924271.9197018290   1.30537550E+02   3.00184059E+00   1.30237175E+02   1.30840218E+02   1.29181420E+02   1.31897493E+02   1.29437215E+02   1.30564306E+02
21877616238607.9633154475   1.30495992E+02   3.00942010E+00   1.30194287E+02   1.30800008E+02   1.29135935E+02   1.31859807E+02   1.29395687E+02   1.30522734E+02
30199517202216.1690455911   1.30452666E+02   3.01700274E+00   1.30149636E+02   1.30758024E+02   1.29088686E+02   1.31820348E+02   1.29352367E+02   1.30479395E+02
41686938343744.3483498525   1.30407597E+02   3.02459124E+00   1.30103247E+02   1.30714294E+02   1.29039697E+02   1.31779144E+02   1.29307282E+02   1.30434315E+02
57543993728072.4334070396   1.30360813E+02   3.03219871E+00   1.30055136E+02   1.30668843E+02   1.28988984E+02   1.31736223E+02   1.29260456E+02   1.30387519E+02
79432823471059.1248705022   1.30312325E+02   3.03979666E+00   1.30005344E+02   1.30621685E+02   1.28936585E+02   1.31691598E+02   1.29211905E+02   1.30339021E+02
109647819610327.1667774216   1.30262172E+02   3.04742043E+00   1.29953881E+02   1.30572861E+02   1.28882510E+02   1.31645312E+02   1.29161667E+02   1.30288859E+02
151356124835210.2894671348   1.30210363E+02   3.05506185E+00   1.29900764E+02   1.30522377E+02   1.28826774E+02   1.31597372E+02   1.29109751E+02   1.30237042E+02
208929613069789.7618384511   1.30156913E+02   3.06272391E+00   1.29846007E+02   1.30470251E+02   1.28769391E+02   1.31547797E+02   1.29056173E+02   1.30183584E+02
288403150285579.3680086429   1.30101835E+02   3.07042835E+00   1.29789624E+02   1.30416496E+02   1.28710352E+02   1.31496602E+02   1.29000946E+02   1.30128499E+02
398107170548295.1896823483   1.30045119E+02   3.07811558E+00   1.29731626E+02   1.30361103E+02   1.28649709E+02   1.31443776E+02   1.28944061E+02   1.30071777E+02
549540873839910.9909486417   1.29986842E+02   3.08586224E+00   1.29671995E+02   1.30304125E+02   1.28587448E+02   1.31389376E+02   1.28885595E+02   1.30013494E+02
758577574990193.0496600956   1.29926916E+02   3.09363650E+00   1.29610788E+02   1.30245547E+02   1.28523575E+02   1.31333388E+02   1.28825460E+02   1.29953564E+02
1047128547977007.6781970958   1.29865421E+02   3.10147992E+00   1.29547985E+02   1.30185377E+02   1.28458093E+02   1.31275856E+02   1.28763737E+02   1.29892064E+02
1445439770616224.4869432598   1.29802335E+02   3.10932151E+00   1.29483590E+02   1.30123618E+02   1.28391006E+02   1.31216705E+02   1.28700404E+02   1.29828975E+02
1995262314951123.8308975205   1.29737660E+02   3.11718563E+00   1.29417605E+02   1.30060273E+02   1.28322313E+02   1.31155961E+02   1.28635463E+02   1.29764297E+02
2754228703260868.0251416251   1.29671398E+02   3.12512092E+00   1.29350028E+02   1.29995342E+02   1.28252012E+02   1.31093675E+02   1.28568916E+02   1.29698033E+02
3801893963026041.8296902419   1.29603546E+02   3.13310438E+00   1.29280858E+02   1.29928827E+02   1.28180101E+02   1.31029819E+02   1.28500761E+02   1.29630179E+02
5248074602149263.5144873406   1.29534100E+02   3.14114036E+00   1.29210090E+02   1.29860722E+02   1.28106574E+02   1.30964393E+02   1.28430993E+02   1.29560732E+02
7244359600130040.2769474521   1.29463055E+02   3.14923235E+00   1.29137717E+02   1.29791022E+02   1.28031422E+02   1.30897392E+02   1.28359608E+02   1.29489686E+02
9999999999952690.5571214791   1.29390403E+02   3.15738320E+00   1.29063733E+02   1.29719721E+02   1.27954639E+02   1.30828810E+02   1.28286599E+02   1.29417035E+02
