              ms               Mh              DMh         DMh_as_m         DMh_as_p         DMh_Mt_m         DMh_Mt_p          DMh_Q_m          DMh_Q_p
   99.9999999911   7.07993341E+01   3.02980177E+00   7.07808893E+01   7.08177385E+01   7.03526479E+01   7.12304070E+01   6.79797068E+01   7.08793412E+01
  138.0384264454   7.78732171E+01   2.61822444E+00   7.78618144E+01   7.78845337E+01   7.76608076E+01   7.80772828E+01   7.53619892E+01   7.79467776E+01
  190.5460717722   8.36783096E+01   2.36391862E+00   8.36756837E+01   8.36808298E+01   8.36416884E+01   8.37109045E+01   8.13839799E+01   8.37468793E+01
  263.0267991512   8.85540608E+01   2.20590338E+00   8.85469001E+01   8.85611153E+01   8.84505787E+01   8.86563632E+01   8.64223263E+01   8.86185640E+01
  363.0780547102   9.27173807E+01   2.11034622E+00   9.27001383E+01   9.27345308E+01   9.25022992E+01   9.29332913E+01   9.07128823E+01   9.27784631E+01
  501.1872335852   9.63169992E+01   2.05637268E+00   9.62895725E+01   9.63443584E+01   9.60082190E+01   9.66280933E+01   9.44151870E+01   9.63751418E+01
  691.8309708476   9.94600625E+01   2.03035381E+00   9.94225371E+01   9.94975538E+01   9.90712131E+01   9.98523594E+01   9.76430699E+01   9.95156402E+01
  954.9925859046   1.02226630E+02   2.02314284E+00   1.02179211E+02   1.02274055E+02   1.01768407E+02   1.02689185E+02   1.00480978E+02   1.02279945E+02
 1318.2567383699   1.04678224E+02   2.02852142E+00   1.04621189E+02   1.04735309E+02   1.04159221E+02   1.05202260E+02   1.02993452E+02   1.04729524E+02
 1819.7008583177   1.06863182E+02   2.04223770E+00   1.06796855E+02   1.06929608E+02   1.06290434E+02   1.07441529E+02   1.05230985E+02   1.06912678E+02
 2511.8864313092   1.08820182E+02   2.06137233E+00   1.08744909E+02   1.08895603E+02   1.08199532E+02   1.09446885E+02   1.07233837E+02   1.08868051E+02
 3467.3685041823   1.10580631E+02   2.08391561E+00   1.10496770E+02   1.10664692E+02   1.09916998E+02   1.11250685E+02   1.09034611E+02   1.10627026E+02
 4786.3009226611   1.12170362E+02   2.10848545E+00   1.12078272E+02   1.12262706E+02   1.11467930E+02   1.12879515E+02   1.10660064E+02   1.12215417E+02
 6606.9344791691   1.13610855E+02   2.13413049E+00   1.13510888E+02   1.13711128E+02   1.12873212E+02   1.14355458E+02   1.12132398E+02   1.13654687E+02
 9120.1083921325   1.14920135E+02   2.16019835E+00   1.14812637E+02   1.15027994E+02   1.14150387E+02   1.15697037E+02   1.13470216E+02   1.14962848E+02
12589.2541169900   1.16113461E+02   2.18624473E+00   1.15998762E+02   1.16228573E+02   1.15314311E+02   1.16919918E+02   1.14689241E+02   1.16155146E+02
17378.0082858471   1.17203837E+02   2.21197072E+00   1.17082256E+02   1.17325884E+02   1.16377655E+02   1.18037448E+02   1.15802861E+02   1.17244577E+02
23988.3291874621   1.18202426E+02   2.23717974E+00   1.18074267E+02   1.18331103E+02   1.17351298E+02   1.19061076E+02   1.16822553E+02   1.18242295E+02
33113.1121438522   1.19118861E+02   2.26174652E+00   1.18984411E+02   1.19253878E+02   1.18244632E+02   1.20000678E+02   1.17758213E+02   1.19157923E+02
45708.8189545282   1.19961501E+02   2.28559626E+00   1.19821036E+02   1.20102584E+02   1.19065815E+02   1.20864824E+02   1.18618423E+02   1.19999817E+02
63095.7344435130   1.20737637E+02   2.30868904E+00   1.20591416E+02   1.20884526E+02   1.19821960E+02   1.21660983E+02   1.19410662E+02   1.20775261E+02
87096.3589877183   1.21453658E+02   2.33101089E+00   1.21301926E+02   1.21606105E+02   1.20519303E+02   1.22395697E+02   1.20141479E+02   1.21490639E+02
120226.4434485461   1.22115213E+02   2.35257971E+00   1.21958204E+02   1.22272984E+02   1.21163362E+02   1.23074773E+02   1.20816661E+02   1.22151596E+02
165958.6907223609   1.22727247E+02   2.37335962E+00   1.22565177E+02   1.22890123E+02   1.21758963E+02   1.23703209E+02   1.21441273E+02   1.22763072E+02
229086.7652428530   1.23294121E+02   2.39342350E+00   1.23127198E+02   1.23461896E+02   1.22310369E+02   1.24285535E+02   1.22019781E+02   1.23329426E+02
316227.7659955712   1.23819769E+02   2.41278064E+00   1.23648186E+02   1.23992246E+02   1.22821422E+02   1.24825752E+02   1.22556207E+02   1.23854588E+02
436515.8322024432   1.24307676E+02   2.43146043E+00   1.24131616E+02   1.24484671E+02   1.23295528E+02   1.25327426E+02   1.23054118E+02   1.24342040E+02
602559.5860107370   1.24760960E+02   2.44949446E+00   1.24580597E+02   1.24942299E+02   1.23735736E+02   1.25793747E+02   1.23516701E+02   1.24794899E+02
831763.7709989081   1.25182418E+02   2.46691472E+00   1.24997915E+02   1.25367937E+02   1.24144781E+02   1.26227575E+02   1.23946817E+02   1.25215958E+02
1148153.6213316441   1.25574566E+02   2.48375255E+00   1.25386076E+02   1.25764110E+02   1.24525120E+02   1.26631483E+02   1.24347036E+02   1.25607732E+02
1584893.1923611332   1.25939670E+02   2.50003880E+00   1.25747338E+02   1.26133093E+02   1.24878972E+02   1.27007787E+02   1.24719673E+02   1.25972485E+02
2187761.6237696099   1.26279778E+02   2.51580385E+00   1.26083742E+02   1.26476943E+02   1.25208339E+02   1.27358581E+02   1.25066821E+02   1.26312263E+02
3019951.7200957446   1.26596774E+02   2.53106904E+00   1.26397166E+02   1.26797521E+02   1.25515067E+02   1.27685789E+02   1.25390404E+02   1.26628948E+02
4168693.8342006827   1.26892309E+02   2.54587941E+00   1.26689248E+02   1.27096568E+02   1.25800765E+02   1.27991099E+02   1.25692106E+02   1.26924190E+02
5754399.3725673987   1.27167919E+02   2.56024718E+00   1.26961521E+02   1.27375549E+02   1.26066940E+02   1.28276081E+02   1.25973496E+02   1.27199524E+02
7943282.3467748347   1.27424999E+02   2.57420151E+00   1.27215373E+02   1.27635889E+02   1.26314956E+02   1.28542160E+02   1.26235999E+02   1.27456344E+02
10964781.9605757022   1.27664818E+02   2.58776595E+00   1.27452067E+02   1.27878866E+02   1.26546056E+02   1.28790634E+02   1.26480911E+02   1.27695918E+02
15135612.4828901734   1.27888541E+02   2.60096197E+00   1.27672763E+02   1.28105648E+02   1.26761379E+02   1.29022692E+02   1.26709418E+02   1.27919410E+02
20892961.3061081531   1.28097234E+02   2.61381093E+00   1.27878521E+02   1.28317305E+02   1.26961968E+02   1.29239420E+02   1.26922609E+02   1.28127884E+02
28840315.0273558663   1.28291871E+02   2.62633235E+00   1.28070312E+02   1.28514820E+02   1.27148778E+02   1.29441818E+02   1.27121479E+02   1.28322315E+02
39810717.0531701998   1.28473351E+02   2.63854537E+00   1.28249027E+02   1.28699092E+02   1.27322688E+02   1.29630799E+02   1.27306942E+02   1.28503599E+02
54954087.3817006010   1.28642495E+02   2.65046729E+00   1.28415485E+02   1.28870950E+02   1.27484501E+02   1.29807204E+02   1.27479839E+02   1.28672558E+02
75857757.4958575375   1.28800062E+02   2.66211461E+00   1.28570441E+02   1.29031156E+02   1.27634962E+02   1.29971809E+02   1.27640942E+02   1.28829950E+02
104712854.7933363138   1.28946752E+02   2.67350280E+00   1.28714590E+02   1.29180414E+02   1.27774754E+02   1.30125328E+02   1.27790965E+02   1.28976473E+02
144543977.0555978251   1.29083209E+02   2.68464648E+00   1.28848575E+02   1.29319372E+02   1.27904510E+02   1.30268418E+02   1.27930567E+02   1.29112774E+02
199526231.4867960874   1.29210032E+02   2.69555937E+00   1.28972987E+02   1.29448630E+02   1.28024813E+02   1.30401690E+02   1.28060354E+02   1.29239447E+02
275422870.3146071189   1.29327770E+02   2.70625441E+00   1.29088376E+02   1.29568744E+02   1.28136204E+02   1.30525707E+02   1.28180891E+02   1.29357045E+02
380189396.2867578083   1.29436978E+02   2.71674168E+00   1.29195295E+02   1.29680264E+02   1.28239225E+02   1.30641032E+02   1.28292741E+02   1.29466118E+02
524807460.1930522653   1.29538068E+02   2.72703649E+00   1.29294149E+02   1.29783616E+02   1.28334280E+02   1.30748090E+02   1.28396325E+02   1.29567081E+02
724435959.9828093833   1.29631503E+02   2.73714788E+00   1.29385398E+02   1.29879261E+02   1.28421820E+02   1.30847351E+02   1.28492114E+02   1.29660395E+02
999999999.9535888438   1.29717691E+02   2.74708622E+00   1.29469450E+02   1.29967609E+02   1.28502247E+02   1.30939232E+02   1.28580525E+02   1.29746469E+02
1380384264.5123626170   1.29797013E+02   2.75686119E+00   1.29546682E+02   1.30049044E+02   1.28575932E+02   1.31024123E+02   1.28661947E+02   1.29825682E+02
1905460717.8017709192   1.29869821E+02   2.76648207E+00   1.29617446E+02   1.30123920E+02   1.28643221E+02   1.31102383E+02   1.28736737E+02   1.29898387E+02
2630267991.6220698669   1.29936447E+02   2.77595734E+00   1.29682069E+02   1.30192571E+02   1.28704438E+02   1.31174351E+02   1.28805234E+02   1.29964914E+02
3630780547.2541487940   1.29997197E+02   2.78529539E+00   1.29740857E+02   1.30255305E+02   1.28759883E+02   1.31240340E+02   1.28867751E+02   1.30025571E+02
5011872336.0610056504   1.30052358E+02   2.79450402E+00   1.29794094E+02   1.30312412E+02   1.28809835E+02   1.31300642E+02   1.28924579E+02   1.30080643E+02
6918309708.7645147226   1.30102196E+02   2.80359065E+00   1.29842045E+02   1.30364159E+02   1.28854558E+02   1.31355530E+02   1.28975991E+02   1.30130397E+02
9549925859.4448653730   1.30146961E+02   2.81256244E+00   1.29884956E+02   1.30410798E+02   1.28894292E+02   1.31405259E+02   1.29022240E+02   1.30175082E+02
13182567384.2492111361   1.30186887E+02   2.82142604E+00   1.29923062E+02   1.30452565E+02   1.28929270E+02   1.31450069E+02   1.29063565E+02   1.30214931E+02
18197008583.9360514383   1.30222191E+02   2.83018794E+00   1.29956578E+02   1.30489679E+02   1.28959701E+02   1.31490180E+02   1.29100188E+02   1.30250163E+02
25118864314.1393974938   1.30253077E+02   2.83885427E+00   1.29985705E+02   1.30522345E+02   1.28985786E+02   1.31525803E+02   1.29132317E+02   1.30280980E+02
34673685043.2683898717   1.30279736E+02   2.84743080E+00   1.30010633E+02   1.30550754E+02   1.29007711E+02   1.31557131E+02   1.29160145E+02   1.30307573E+02
47863009228.6067221149   1.30302346E+02   2.85592343E+00   1.30031539E+02   1.30575088E+02   1.29025651E+02   1.31584347E+02   1.29183855E+02   1.30330121E+02
66069344794.4450691994   1.30321074E+02   2.86433750E+00   1.30048588E+02   1.30595515E+02   1.29039768E+02   1.31607623E+02   1.29203617E+02   1.30348789E+02
91201083925.1264982896   1.30336076E+02   2.87267786E+00   1.30061936E+02   1.30612191E+02   1.29050214E+02   1.31627117E+02   1.29219589E+02   1.30363735E+02
125892541175.1480709910   1.30347533E+02   2.88094342E+00   1.30071766E+02   1.30625266E+02   1.29057167E+02   1.31643015E+02   1.29231957E+02   1.30375138E+02
173780082865.7144314941   1.30355532E+02   2.88915686E+00   1.30078156E+02   1.30634922E+02   1.29060712E+02   1.31655406E+02   1.29240809E+02   1.30383086E+02
239883291884.6199053219   1.30360220E+02   2.89730573E+00   1.30081256E+02   1.30641217E+02   1.29060990E+02   1.31664441E+02   1.29246294E+02   1.30387726E+02
331131121452.3236303334   1.30361718E+02   2.90540519E+00   1.30081185E+02   1.30644303E+02   1.29058122E+02   1.31670250E+02   1.29248537E+02   1.30389178E+02
457088189564.3335648694   1.30360145E+02   2.91344819E+00   1.30078063E+02   1.30644294E+02   1.29052216E+02   1.31672938E+02   1.29247659E+02   1.30387561E+02
630957344461.4291639090   1.30355596E+02   2.92144732E+00   1.30071981E+02   1.30641302E+02   1.29043375E+02   1.31672618E+02   1.29243756E+02   1.30382971E+02
870963589913.4857562528   1.30348175E+02   2.92939773E+00   1.30063043E+02   1.30635416E+02   1.29031703E+02   1.31669393E+02   1.29236934E+02   1.30375510E+02
1202264434535.5725260276   1.30337976E+02   2.93731522E+00   1.30051343E+02   1.30626736E+02   1.29017278E+02   1.31663357E+02   1.29227289E+02   1.30365273E+02
1659586907292.7811623506   1.30325085E+02   2.94519840E+00   1.30036967E+02   1.30615350E+02   1.29000191E+02   1.31654603E+02   1.29214910E+02   1.30352348E+02
2290867652524.0140647252   1.30309586E+02   2.95305104E+00   1.30019995E+02   1.30601341E+02   1.28980521E+02   1.31643213E+02   1.29199881E+02   1.30336814E+02
3162277660087.5165711267   1.30291553E+02   2.96087544E+00   1.30000503E+02   1.30584785E+02   1.28958341E+02   1.31629266E+02   1.29182282E+02   1.30318749E+02
4365158322206.3736399677   1.30271068E+02   2.96867723E+00   1.29978571E+02   1.30565765E+02   1.28933731E+02   1.31612845E+02   1.29162189E+02   1.30298234E+02
6025595860358.5187453913   1.30248182E+02   2.97645996E+00   1.29954249E+02   1.30544333E+02   1.28906739E+02   1.31594004E+02   1.29139659E+02   1.30275319E+02
8317637710335.7619214981   1.30222963E+02   2.98422652E+00   1.29927605E+02   1.30520558E+02   1.28877432E+02   1.31572813E+02   1.29114760E+02   1.30250073E+02
11481536213794.9939080792   1.30195468E+02   2.99198018E+00   1.29898694E+02   1.30494497E+02   1.28845864E+02   1.31549331E+02   1.29087550E+02   1.30222553E+02
15848931924271.9197018290   1.30165749E+02   2.99972558E+00   1.29867568E+02   1.30466204E+02   1.28812084E+02   1.31523613E+02   1.29058083E+02   1.30192809E+02
21877616238607.9633154475   1.30133871E+02   3.00746247E+00   1.29834293E+02   1.30435741E+02   1.28776157E+02   1.31495723E+02   1.29026425E+02   1.30160908E+02
30199517202216.1690455911   1.30099861E+02   3.01519721E+00   1.29798892E+02   1.30403140E+02   1.28738107E+02   1.31465693E+02   1.28992603E+02   1.30126877E+02
41686938343744.3483498525   1.30063768E+02   3.02293225E+00   1.29761415E+02   1.30368450E+02   1.28697982E+02   1.31433573E+02   1.28956669E+02   1.30090764E+02
57543993728072.4334070396   1.30025633E+02   3.03067891E+00   1.29721901E+02   1.30331711E+02   1.28655810E+02   1.31399404E+02   1.28918662E+02   1.30052609E+02
79432823471059.1248705022   1.29985480E+02   3.03842643E+00   1.29680376E+02   1.30292959E+02   1.28611643E+02   1.31363225E+02   1.28878610E+02   1.30012439E+02
109647819610327.1667774216   1.29943364E+02   3.04617011E+00   1.29636892E+02   1.30252220E+02   1.28565504E+02   1.31325061E+02   1.28836566E+02   1.29970306E+02
151356124835210.2894671348   1.29899306E+02   3.05393820E+00   1.29591469E+02   1.30209544E+02   1.28517422E+02   1.31284965E+02   1.28792553E+02   1.29926232E+02
208929613069789.7618384511   1.29853333E+02   3.06172231E+00   1.29544135E+02   1.30164950E+02   1.28467424E+02   1.31242956E+02   1.28746599E+02   1.29880245E+02
288403150285579.3680086429   1.29805470E+02   3.06952618E+00   1.29494914E+02   1.30118463E+02   1.28415531E+02   1.31199062E+02   1.28698729E+02   1.29832368E+02
398107170548295.1896823483   1.29755739E+02   3.07735273E+00   1.29443827E+02   1.30070106E+02   1.28361764E+02   1.31153304E+02   1.28648966E+02   1.29782624E+02
549540873839910.9909486417   1.29704159E+02   3.08520489E+00   1.29390893E+02   1.30019899E+02   1.28306142E+02   1.31105706E+02   1.28597330E+02   1.29731033E+02
758577574990193.0496600956   1.29650749E+02   3.09310900E+00   1.29336129E+02   1.29967861E+02   1.28248654E+02   1.31056286E+02   1.28543839E+02   1.29677611E+02
1047128547977007.6781970958   1.29595496E+02   3.10102349E+00   1.29279521E+02   1.29913981E+02   1.28189363E+02   1.31005060E+02   1.28488481E+02   1.29622349E+02
1445439770616224.4869432598   1.29538465E+02   3.10894817E+00   1.29221136E+02   1.29858322E+02   1.28128254E+02   1.30952015E+02   1.28431322E+02   1.29565308E+02
1995262314951123.8308975205   1.29479640E+02   3.11693666E+00   1.29160955E+02   1.29800871E+02   1.28065337E+02   1.30897219E+02   1.28372346E+02   1.29506475E+02
2754228703260868.0251416251   1.29419028E+02   3.12496751E+00   1.29098987E+02   1.29741635E+02   1.28000617E+02   1.30840653E+02   1.28311562E+02   1.29445856E+02
3801893963026041.8296902419   1.29356637E+02   3.13304427E+00   1.29035236E+02   1.29680622E+02   1.27934098E+02   1.30782324E+02   1.28248975E+02   1.29383458E+02
5248074602149263.5144873406   1.29292469E+02   3.14117034E+00   1.28969706E+02   1.29617835E+02   1.27865782E+02   1.30722240E+02   1.28184590E+02   1.29319284E+02
7244359600130040.2769474521   1.29226527E+02   3.14934862E+00   1.28902398E+02   1.29553278E+02   1.27795670E+02   1.30660402E+02   1.28118410E+02   1.29253337E+02
9999999999952690.5571214791   1.29158811E+02   3.15758408E+00   1.28833312E+02   1.29486952E+02   1.27723758E+02   1.30596815E+02   1.28050434E+02   1.29185616E+02
