              ms               Mh              DMh         DMh_as_m         DMh_as_p         DMh_Mt_m         DMh_Mt_p          DMh_Q_m          DMh_Q_p
   99.9999999911   7.31924370E+01   2.91990449E+00   7.31747583E+01   7.32101344E+01   7.27633805E+01   7.36067053E+01   7.04753033E+01   7.32705482E+01
  138.0384264454   7.99988788E+01   2.54011478E+00   7.99879216E+01   8.00098132E+01   7.97940175E+01   8.01957483E+01   7.75628756E+01   8.00709259E+01
  190.5460717722   8.56106057E+01   2.30323934E+00   8.56081542E+01   8.56130169E+01   8.55759525E+01   8.56414091E+01   8.33755855E+01   8.56778894E+01
  263.0267991512   9.03377100E+01   2.15571102E+00   9.03306727E+01   9.03447074E+01   9.02358059E+01   9.04385399E+01   8.82549670E+01   9.04010779E+01
  363.0780547102   9.43818373E+01   2.06686103E+00   9.43649192E+01   9.43987296E+01   9.41705923E+01   9.45939884E+01   9.24191448E+01   9.44418922E+01
  501.1872335852   9.78829012E+01   2.01736861E+00   9.78559750E+01   9.79098260E+01   9.75795556E+01   9.81886277E+01   9.60176237E+01   9.79400979E+01
  691.8309708476   1.00942557E+02   1.99444494E+00   1.00905688E+02   1.00979456E+02   1.00560321E+02   1.01328305E+02   9.91580764E+01   1.00997253E+02
  954.9925859046   1.03637242E+02   1.98942976E+00   1.03590620E+02   1.03683933E+02   1.03186534E+02   1.04092350E+02   1.01920937E+02   1.03689727E+02
 1318.2567383699   1.06025980E+02   1.99640103E+00   1.05969872E+02   1.06082202E+02   1.05515200E+02   1.06541866E+02   1.04368001E+02   1.06076496E+02
 1819.7008583177   1.08155324E+02   2.01129513E+00   1.08090040E+02   1.08220768E+02   1.07591366E+02   1.08724957E+02   1.06547816E+02   1.08204074E+02
 2511.8864313092   1.10062633E+02   2.03131324E+00   1.09988512E+02   1.10136964E+02   1.09451240E+02   1.10680161E+02   1.08499214E+02   1.10109789E+02
 3467.3685041823   1.11778319E+02   2.05452988E+00   1.11695709E+02   1.11861188E+02   1.11124332E+02   1.12438814E+02   1.10253728E+02   1.11824030E+02
 4786.3009226611   1.13327445E+02   2.07961870E+00   1.13236698E+02   1.13418501E+02   1.12634987E+02   1.14026713E+02   1.11837287E+02   1.13371842E+02
 6606.9344791691   1.14730883E+02   2.10566786E+00   1.14632348E+02   1.14829781E+02   1.14003497E+02   1.15465326E+02   1.13271446E+02   1.14774082E+02
 9120.1083921325   1.16006178E+02   2.13205313E+00   1.15900192E+02   1.16112578E+02   1.15246930E+02   1.16772679E+02   1.14574293E+02   1.16048278E+02
12589.2541169900   1.17168190E+02   2.15835066E+00   1.17055080E+02   1.17281765E+02   1.16379753E+02   1.17964037E+02   1.15761134E+02   1.17209283E+02
17378.0082858471   1.18229603E+02   2.18427655E+00   1.18109683E+02   1.18350039E+02   1.17414321E+02   1.19052419E+02   1.16845014E+02   1.18269769E+02
23988.3291874621   1.19201309E+02   2.20964541E+00   1.19074879E+02   1.19328305E+02   1.18361247E+02   1.20049000E+02   1.17837125E+02   1.19240620E+02
33113.1121438522   1.20092713E+02   2.23434037E+00   1.19960059E+02   1.20225984E+02   1.19229701E+02   1.20963426E+02   1.18747126E+02   1.20131235E+02
45708.8189545282   1.20911986E+02   2.25829257E+00   1.20773378E+02   1.21051258E+02   1.20027650E+02   1.21804073E+02   1.19583397E+02   1.20949775E+02
63095.7344435130   1.21666253E+02   2.28146854E+00   1.21521947E+02   1.21811270E+02   1.20762047E+02   1.22578243E+02   1.20353245E+02   1.21703364E+02
87096.3589877183   1.22361762E+02   2.30385664E+00   1.22212002E+02   1.22512280E+02   1.21438988E+02   1.23292339E+02   1.21063073E+02   1.22398244E+02
120226.4434485461   1.23004039E+02   2.32546115E+00   1.22849054E+02   1.23159826E+02   1.22063868E+02   1.23952016E+02   1.21718538E+02   1.23039934E+02
165958.6907223609   1.23597920E+02   2.34630000E+00   1.23437926E+02   1.23758759E+02   1.22641409E+02   1.24562230E+02   1.22324592E+02   1.23633269E+02
229086.7652428530   1.24147676E+02   2.36639572E+00   1.23982876E+02   1.24313363E+02   1.23175782E+02   1.25127354E+02   1.22885606E+02   1.24182516E+02
316227.7659955712   1.24657154E+02   2.38577709E+00   1.24487742E+02   1.24827496E+02   1.23670745E+02   1.25651324E+02   1.23405516E+02   1.24691519E+02
436515.8322024432   1.25129769E+02   2.40447456E+00   1.24955926E+02   1.25304582E+02   1.24129633E+02   1.26137634E+02   1.23887811E+02   1.25163689E+02
602559.5860107370   1.25568571E+02   2.42252004E+00   1.25390468E+02   1.25747684E+02   1.24555429E+02   1.26589407E+02   1.24335611E+02   1.25602076E+02
831763.7709989081   1.25976301E+02   2.43994666E+00   1.25794099E+02   1.26159550E+02   1.24950809E+02   1.27009444E+02   1.24751716E+02   1.26009416E+02
1148153.6213316441   1.26355420E+02   2.45678735E+00   1.26169272E+02   1.26542652E+02   1.25318181E+02   1.27400264E+02   1.25138641E+02   1.26388169E+02
1584893.1923611332   1.26708148E+02   2.47307092E+00   1.26518198E+02   1.26899219E+02   1.25659715E+02   1.27764135E+02   1.25498653E+02   1.26740554E+02
2187761.6237696099   1.27036490E+02   2.48883054E+00   1.26842872E+02   1.27231263E+02   1.25977370E+02   1.28103109E+02   1.25833801E+02   1.27068574E+02
3019951.7200957446   1.27342293E+02   2.50408427E+00   1.27145141E+02   1.27540608E+02   1.26272958E+02   1.28419072E+02   1.26145970E+02   1.27374073E+02
4168693.8342006827   1.27627170E+02   2.51888236E+00   1.27426602E+02   1.27828962E+02   1.26548050E+02   1.28713676E+02   1.26436807E+02   1.27658666E+02
5754399.3725673987   1.27892628E+02   2.53323496E+00   1.27688756E+02   1.28097755E+02   1.26804122E+02   1.28988459E+02   1.26707848E+02   1.27923854E+02
7943282.3467748347   1.28140030E+02   2.54717067E+00   1.27932964E+02   1.28348383E+02   1.27042508E+02   1.29244815E+02   1.26960488E+02   1.28171003E+02
10964781.9605757022   1.28370620E+02   2.56071333E+00   1.28160463E+02   1.28582096E+02   1.27264425E+02   1.29484015E+02   1.27195994E+02   1.28401355E+02
15135612.4828901734   1.28585538E+02   2.57388501E+00   1.28372386E+02   1.28800039E+02   1.27470988E+02   1.29707224E+02   1.27415529E+02   1.28616048E+02
20892961.3061081531   1.28785827E+02   2.58670686E+00   1.28569771E+02   1.29003260E+02   1.27663217E+02   1.29915506E+02   1.27620157E+02   1.28816123E+02
28840315.0273558663   1.28972440E+02   2.59919899E+00   1.28753568E+02   1.29192718E+02   1.27842047E+02   1.30109837E+02   1.27810852E+02   1.29002535E+02
39810717.0531701998   1.29146255E+02   2.61137882E+00   1.28924650E+02   1.29369295E+02   1.28008336E+02   1.30291113E+02   1.27988508E+02   1.29176160E+02
54954087.3817006010   1.29308079E+02   2.62326603E+00   1.29083817E+02   1.29533802E+02   1.28162871E+02   1.30460157E+02   1.28153947E+02   1.29337804E+02
75857757.4958575375   1.29458652E+02   2.63487651E+00   1.29231809E+02   1.29686984E+02   1.28306380E+02   1.30617728E+02   1.28307926E+02   1.29488207E+02
104712854.7933363138   1.29598659E+02   2.64622442E+00   1.29369304E+02   1.29829529E+02   1.28439533E+02   1.30764523E+02   1.28451143E+02   1.29628053E+02
144543977.0555978251   1.29728731E+02   2.65732469E+00   1.29496931E+02   1.29962073E+02   1.28562946E+02   1.30901187E+02   1.28584241E+02   1.29757974E+02
199526231.4867960874   1.29849453E+02   2.66819145E+00   1.29615271E+02   1.30085201E+02   1.28677192E+02   1.31028317E+02   1.28707816E+02   1.29878551E+02
275422870.3146071189   1.29961363E+02   2.67883662E+00   1.29724859E+02   1.30199458E+02   1.28782799E+02   1.31146465E+02   1.28822417E+02   1.29990324E+02
380189396.2867578083   1.30065002E+02   2.68927532E+00   1.29826238E+02   1.30305382E+02   1.28880293E+02   1.31256181E+02   1.28928595E+02   1.30093834E+02
524807460.1930522653   1.30160774E+02   2.69951156E+00   1.29919802E+02   1.30403388E+02   1.28970079E+02   1.31357879E+02   1.29026763E+02   1.30189483E+02
724435959.9828093833   1.30249135E+02   2.70956452E+00   1.30006004E+02   1.30493929E+02   1.29052587E+02   1.31452019E+02   1.29117385E+02   1.30277727E+02
999999999.9535888438   1.30330478E+02   2.71944508E+00   1.30085237E+02   1.30577406E+02   1.29128214E+02   1.31539015E+02   1.29200861E+02   1.30358959E+02
1380384264.5123626170   1.30405178E+02   2.72915405E+00   1.30157875E+02   1.30654190E+02   1.29197325E+02   1.31619238E+02   1.29277575E+02   1.30433554E+02
1905460717.8017709192   1.30473581E+02   2.73872478E+00   1.30224259E+02   1.30724632E+02   1.29260235E+02   1.31693047E+02   1.29347878E+02   1.30501856E+02
2630267991.6220698669   1.30535989E+02   2.74812712E+00   1.30284686E+02   1.30789056E+02   1.29317309E+02   1.31760769E+02   1.29412079E+02   1.30564170E+02
3630780547.2541487940   1.30592747E+02   2.75738292E+00   1.30339516E+02   1.30847750E+02   1.29368807E+02   1.31822712E+02   1.29470529E+02   1.30620838E+02
5011872336.0610056504   1.30644105E+02   2.76650239E+00   1.30388976E+02   1.30901029E+02   1.29415002E+02   1.31879144E+02   1.29523483E+02   1.30672110E+02
6918309708.7645147226   1.30690325E+02   2.77549937E+00   1.30433348E+02   1.30949133E+02   1.29456175E+02   1.31930374E+02   1.29571208E+02   1.30718249E+02
9549925859.4448653730   1.30731670E+02   2.78438660E+00   1.30472855E+02   1.30992308E+02   1.29492530E+02   1.31976620E+02   1.29613973E+02   1.30759517E+02
13182567384.2492111361   1.30768339E+02   2.79317089E+00   1.30507731E+02   1.31030804E+02   1.29524304E+02   1.32018128E+02   1.29651979E+02   1.30796113E+02
18197008583.9360514383   1.30800558E+02   2.80184398E+00   1.30538189E+02   1.31064805E+02   1.29551705E+02   1.32055104E+02   1.29685458E+02   1.30828262E+02
25118864314.1393974938   1.30828526E+02   2.81041530E+00   1.30564425E+02   1.31094525E+02   1.29574930E+02   1.32087755E+02   1.29714612E+02   1.30856164E+02
34673685043.2683898717   1.30852431E+02   2.81889279E+00   1.30586627E+02   1.31120152E+02   1.29594160E+02   1.32116274E+02   1.29739632E+02   1.30880006E+02
47863009228.6067221149   1.30872447E+02   2.82728081E+00   1.30604966E+02   1.31141863E+02   1.29609565E+02   1.32140837E+02   1.29760696E+02   1.30899961E+02
66069344794.4450691994   1.30888736E+02   2.83558862E+00   1.30619605E+02   1.31159821E+02   1.29621304E+02   1.32161614E+02   1.29777970E+02   1.30916194E+02
91201083925.1264982896   1.30901451E+02   2.84382123E+00   1.30630689E+02   1.31174181E+02   1.29629524E+02   1.32178761E+02   1.29791609E+02   1.30928855E+02
125892541175.1480709910   1.30910728E+02   2.85198190E+00   1.30638368E+02   1.31185089E+02   1.29634368E+02   1.32192425E+02   1.29801752E+02   1.30938080E+02
173780082865.7144314941   1.30916743E+02   2.86003772E+00   1.30642808E+02   1.31192665E+02   1.29635997E+02   1.32202743E+02   1.29808578E+02   1.30944047E+02
239883291884.6199053219   1.30919575E+02   2.86807837E+00   1.30644081E+02   1.31197099E+02   1.29634489E+02   1.32209869E+02   1.29812168E+02   1.30946833E+02
331131121452.3236303334   1.30919357E+02   2.87604190E+00   1.30642323E+02   1.31198438E+02   1.29629975E+02   1.32213887E+02   1.29812660E+02   1.30946570E+02
457088189564.3335648694   1.30916198E+02   2.88395254E+00   1.30637643E+02   1.31196818E+02   1.29622561E+02   1.32214923E+02   1.29810160E+02   1.30943369E+02
630957344461.4291639090   1.30910202E+02   2.89181251E+00   1.30630145E+02   1.31192343E+02   1.29612349E+02   1.32213085E+02   1.29804776E+02   1.30937334E+02
870963589913.4857562528   1.30901467E+02   2.89962563E+00   1.30619925E+02   1.31185112E+02   1.29599434E+02   1.32208472E+02   1.29796609E+02   1.30928562E+02
1202264434535.5725260276   1.30890084E+02   2.90739611E+00   1.30607072E+02   1.31175216E+02   1.29583904E+02   1.32201177E+02   1.29785750E+02   1.30917142E+02
1659586907292.7811623506   1.30876137E+02   2.91513296E+00   1.30591671E+02   1.31162742E+02   1.29565842E+02   1.32191295E+02   1.29772287E+02   1.30903162E+02
2290867652524.0140647252   1.30859709E+02   2.92282684E+00   1.30573810E+02   1.31147771E+02   1.29545327E+02   1.32178896E+02   1.29756303E+02   1.30886702E+02
3162277660087.5165711267   1.30840880E+02   2.93049130E+00   1.30553547E+02   1.31130386E+02   1.29522430E+02   1.32164063E+02   1.29737881E+02   1.30867842E+02
4365158322206.3736399677   1.30819706E+02   2.93812582E+00   1.30530960E+02   1.31110644E+02   1.29497220E+02   1.32146868E+02   1.29717077E+02   1.30846640E+02
6025595860358.5187453913   1.30796261E+02   2.94573499E+00   1.30506112E+02   1.31088619E+02   1.29469760E+02   1.32127380E+02   1.29693966E+02   1.30823167E+02
8317637710335.7619214981   1.30770615E+02   2.95332174E+00   1.30479076E+02   1.31064381E+02   1.29440120E+02   1.32105672E+02   1.29668621E+02   1.30797496E+02
11481536213794.9939080792   1.30742808E+02   2.96089025E+00   1.30449888E+02   1.31037972E+02   1.29408336E+02   1.32081784E+02   1.29641082E+02   1.30769665E+02
15848931924271.9197018290   1.30712900E+02   2.96843644E+00   1.30418608E+02   1.31009453E+02   1.29374474E+02   1.32055780E+02   1.29611410E+02   1.30739734E+02
21877616238607.9633154475   1.30680940E+02   2.97597710E+00   1.30385286E+02   1.30978873E+02   1.29338567E+02   1.32027710E+02   1.29579656E+02   1.30707752E+02
30199517202216.1690455911   1.30646973E+02   2.98350692E+00   1.30349977E+02   1.30946278E+02   1.29300664E+02   1.31997622E+02   1.29545864E+02   1.30673765E+02
41686938343744.3483498525   1.30611050E+02   2.99104192E+00   1.30312697E+02   1.30911718E+02   1.29260817E+02   1.31965577E+02   1.29510089E+02   1.30637823E+02
57543993728072.4334070396   1.30573201E+02   2.99855525E+00   1.30273508E+02   1.30875226E+02   1.29219052E+02   1.31931578E+02   1.29472360E+02   1.30599956E+02
79432823471059.1248705022   1.30533465E+02   3.00607742E+00   1.30232438E+02   1.30836841E+02   1.29175406E+02   1.31895695E+02   1.29432716E+02   1.30560203E+02
109647819610327.1667774216   1.30491874E+02   3.01360261E+00   1.30189519E+02   1.30796595E+02   1.29129909E+02   1.31857952E+02   1.29391192E+02   1.30518596E+02
151356124835210.2894671348   1.30448459E+02   3.02113387E+00   1.30144781E+02   1.30754521E+02   1.29082591E+02   1.31818382E+02   1.29347817E+02   1.30475166E+02
208929613069789.7618384511   1.30403247E+02   3.02867402E+00   1.30098251E+02   1.30710646E+02   1.29033479E+02   1.31777015E+02   1.29302622E+02   1.30429941E+02
288403150285579.3680086429   1.30356266E+02   3.03622613E+00   1.30049954E+02   1.30664997E+02   1.28982595E+02   1.31733878E+02   1.29255632E+02   1.30382946E+02
398107170548295.1896823483   1.30307536E+02   3.04379319E+00   1.29999912E+02   1.30617597E+02   1.28929962E+02   1.31688995E+02   1.29206871E+02   1.30334205E+02
549540873839910.9909486417   1.30257079E+02   3.05137813E+00   1.29948146E+02   1.30568468E+02   1.28875598E+02   1.31642388E+02   1.29156359E+02   1.30283737E+02
758577574990193.0496600956   1.30204913E+02   3.05898405E+00   1.29894672E+02   1.30517627E+02   1.28819519E+02   1.31594078E+02   1.29104116E+02   1.30231561E+02
1047128547977007.6781970958   1.30151054E+02   3.06661405E+00   1.29839505E+02   1.30465092E+02   1.28761738E+02   1.31544080E+02   1.29050157E+02   1.30177691E+02
1445439770616224.4869432598   1.30095514E+02   3.07427067E+00   1.29782659E+02   1.30410876E+02   1.28702269E+02   1.31492412E+02   1.28994496E+02   1.30122143E+02
1995262314951123.8308975205   1.30038306E+02   3.08195777E+00   1.29724145E+02   1.30354992E+02   1.28641121E+02   1.31439085E+02   1.28937145E+02   1.30064927E+02
2754228703260868.0251416251   1.29979438E+02   3.08967802E+00   1.29663971E+02   1.30297448E+02   1.28578300E+02   1.31384111E+02   1.28878114E+02   1.30006052E+02
3801893963026041.8296902419   1.29918917E+02   3.09743468E+00   1.29602143E+02   1.30238254E+02   1.28513813E+02   1.31327497E+02   1.28817410E+02   1.29945525E+02
5248074602149263.5144873406   1.29856715E+02   3.10526239E+00   1.29538629E+02   1.30177379E+02   1.28447629E+02   1.31269252E+02   1.28755003E+02   1.29883317E+02
7244359600130040.2769474521   1.29792903E+02   3.11306788E+00   1.29473505E+02   1.30114898E+02   1.28379817E+02   1.31209343E+02   1.28690967E+02   1.29819500E+02
9999999999952690.5571214791   1.29727448E+02   3.12095283E+00   1.29406735E+02   1.30050776E+02   1.28310343E+02   1.31147847E+02   1.28625269E+02   1.29754041E+02
