              ms               Mh              DMh         DMh_as_m         DMh_as_p         DMh_Mt_m         DMh_Mt_p          DMh_Q_m          DMh_Q_p
   99.9999999911   1.01818811E+02   1.92906513E+00   1.01809326E+02   1.01827968E+02   1.01442668E+02   1.02197559E+02   1.00107230E+02   1.01882359E+02
  138.0384264454   1.04686393E+02   1.92804113E+00   1.04663058E+02   1.04709546E+02   1.04244696E+02   1.05131843E+02   1.03036096E+02   1.04747280E+02
  190.5460717722   1.07247859E+02   1.93162688E+00   1.07211766E+02   1.07283855E+02   1.06750036E+02   1.07750249E+02   1.05655251E+02   1.07306177E+02
  263.0267991512   1.09552181E+02   1.94014722E+00   1.09504342E+02   1.09599986E+02   1.09005578E+02   1.10103974E+02   1.08011723E+02   1.09608141E+02
  363.0780547102   1.11636273E+02   1.95243202E+00   1.11577588E+02   1.11694982E+02   1.11046842E+02   1.12231388E+02   1.10142486E+02   1.11690085E+02
  501.1872335852   1.13528683E+02   1.96728085E+00   1.13459947E+02   1.13597499E+02   1.12901360E+02   1.14162088E+02   1.12076598E+02   1.13580539E+02
  691.8309708476   1.15252326E+02   1.98370502E+00   1.15174248E+02   1.15330542E+02   1.14591281E+02   1.15919781E+02   1.13837563E+02   1.15302399E+02
  954.9925859046   1.16826240E+02   2.00094655E+00   1.16739456E+02   1.16913222E+02   1.16135047E+02   1.17524116E+02   1.15444973E+02   1.16874686E+02
 1318.2567383699   1.18266639E+02   2.01844591E+00   1.18171723E+02   1.18361810E+02   1.17548391E+02   1.18991796E+02   1.16915534E+02   1.18313595E+02
 1819.7008583177   1.19587555E+02   2.03580093E+00   1.19485033E+02   1.19690388E+02   1.18844954E+02   1.20337254E+02   1.18263707E+02   1.19633143E+02
 2511.8864313092   1.20801262E+02   2.05273310E+00   1.20691617E+02   1.20911274E+02   1.20036684E+02   1.21573097E+02   1.19502127E+02   1.20845593E+02
 3467.3685041823   1.21918565E+02   2.06905279E+00   1.21802242E+02   1.22035308E+02   1.21134110E+02   1.22710410E+02   1.20641913E+02   1.21961738E+02
 4786.3009226611   1.22949016E+02   2.08463848E+00   1.22826429E+02   1.23072075E+02   1.22146549E+02   1.23758984E+02   1.21692879E+02   1.22991119E+02
 6606.9344791691   1.23901083E+02   2.09941776E+00   1.23772615E+02   1.24030072E+02   1.23082267E+02   1.24727493E+02   1.22663722E+02   1.23942198E+02
 9120.1083921325   1.24782290E+02   2.11335352E+00   1.24648300E+02   1.24916849E+02   1.23948613E+02   1.25623639E+02   1.23562160E+02   1.24822489E+02
12589.2541169900   1.25599335E+02   2.12643372E+00   1.25460157E+02   1.25739127E+02   1.24752132E+02   1.26454274E+02   1.24395058E+02   1.25638684E+02
17378.0082858471   1.26358187E+02   2.13866391E+00   1.26214135E+02   1.26502899E+02   1.25498662E+02   1.27225505E+02   1.25168532E+02   1.26396747E+02
23988.3291874621   1.27064195E+02   2.15006100E+00   1.26915562E+02   1.27213530E+02   1.26193434E+02   1.27942797E+02   1.25888058E+02   1.27102021E+02
33113.1121438522   1.27722109E+02   2.16065102E+00   1.27569170E+02   1.27875792E+02   1.26841094E+02   1.28611004E+02   1.26558495E+02   1.27759250E+02
45708.8189545282   1.28336210E+02   2.17046379E+00   1.28179223E+02   1.28493981E+02   1.27445834E+02   1.29234502E+02   1.27184223E+02   1.28372713E+02
63095.7344435130   1.28910336E+02   2.17953270E+00   1.28749542E+02   1.29071950E+02   1.28011410E+02   1.29817206E+02   1.27769164E+02   1.28946242E+02
87096.3589877183   1.29447933E+02   2.18789217E+00   1.29283562E+02   1.29613161E+02   1.28541198E+02   1.30362640E+02   1.28316841E+02   1.29483282E+02
120226.4434485461   1.29952109E+02   2.19557710E+00   1.29784375E+02   1.30120735E+02   1.29038240E+02   1.30873972E+02   1.28830429E+02   1.29986935E+02
165958.6907223609   1.30425664E+02   2.20262193E+00   1.30254770E+02   1.30597484E+02   1.29505281E+02   1.31354062E+02   1.29312787E+02   1.30460001E+02
229086.7652428530   1.30871059E+02   2.20904412E+00   1.30697273E+02   1.31045881E+02   1.29944733E+02   1.31805419E+02   1.29766429E+02   1.30904936E+02
316227.7659955712   1.31290739E+02   2.21491723E+00   1.31114087E+02   1.31468380E+02   1.30358993E+02   1.32230538E+02   1.30193850E+02   1.31324184E+02
436515.8322024432   1.31686684E+02   2.22023976E+00   1.31507413E+02   1.31866975E+02   1.30749994E+02   1.32631439E+02   1.30597071E+02   1.31719722E+02
602559.5860107370   1.32060795E+02   2.22504442E+00   1.31879065E+02   1.32243571E+02   1.31119612E+02   1.33010061E+02   1.30978032E+02   1.32093450E+02
831763.7709989081   1.32414787E+02   2.22936317E+00   1.32230750E+02   1.32599897E+02   1.31469521E+02   1.33368152E+02   1.31338484E+02   1.32447081E+02
1148153.6213316441   1.32750220E+02   2.23322216E+00   1.32564021E+02   1.32937519E+02   1.31801252E+02   1.33707303E+02   1.31680016E+02   1.32782174E+02
1584893.1923611332   1.33068504E+02   2.23664512E+00   1.32880278E+02   1.33257854E+02   1.32116188E+02   1.34028949E+02   1.32004068E+02   1.33100136E+02
2187761.6237696099   1.33370963E+02   2.23965634E+00   1.33180840E+02   1.33562234E+02   1.32415629E+02   1.34334443E+02   1.32311991E+02   1.33402290E+02
3019951.7200957446   1.33658773E+02   2.24227694E+00   1.33466876E+02   1.33851842E+02   1.32700728E+02   1.34624981E+02   1.32604982E+02   1.33689812E+02
4168693.8342006827   1.33933022E+02   2.24452754E+00   1.33739466E+02   1.34127771E+02   1.32972551E+02   1.34901673E+02   1.32884152E+02   1.33963788E+02
5754399.3725673987   1.34194718E+02   2.24642628E+00   1.33999616E+02   1.34391034E+02   1.33232089E+02   1.35165544E+02   1.33150528E+02   1.34225225E+02
7943282.3467748347   1.34444761E+02   2.24799246E+00   1.34248218E+02   1.34642540E+02   1.33480225E+02   1.35417515E+02   1.33405029E+02   1.34475022E+02
10964781.9605757022   1.34683997E+02   2.24924209E+00   1.34486111E+02   1.34883137E+02   1.33717786E+02   1.35658443E+02   1.33648514E+02   1.34714024E+02
15135612.4828901734   1.34913197E+02   2.25019098E+00   1.34714064E+02   1.35113604E+02   1.33945533E+02   1.35889117E+02   1.33881773E+02   1.34943002E+02
20892961.3061081531   1.35133075E+02   2.25085384E+00   1.34932785E+02   1.35334656E+02   1.34164163E+02   1.36110263E+02   1.34105530E+02   1.35162667E+02
28840315.0273558663   1.35344284E+02   2.25124449E+00   1.35142924E+02   1.35546953E+02   1.34374320E+02   1.36322547E+02   1.34320454E+02   1.35373675E+02
39810717.0531701998   1.35547431E+02   2.25137585E+00   1.35345082E+02   1.35751104E+02   1.34576597E+02   1.36526586E+02   1.34527160E+02   1.35576628E+02
54954087.3817006010   1.35743073E+02   2.25126012E+00   1.35539814E+02   1.35947672E+02   1.34771542E+02   1.36722948E+02   1.34726219E+02   1.35772086E+02
75857757.4958575375   1.35931726E+02   2.25090872E+00   1.35727632E+02   1.36137176E+02   1.34959662E+02   1.36912160E+02   1.34918156E+02   1.35960563E+02
104712854.7933363138   1.36113875E+02   2.25033165E+00   1.35909018E+02   1.36320102E+02   1.35141431E+02   1.37094714E+02   1.35103463E+02   1.36142543E+02
144543977.0555978251   1.36289949E+02   2.24953248E+00   1.36084399E+02   1.36496885E+02   1.35317274E+02   1.37271043E+02   1.35282579E+02   1.36318456E+02
199526231.4867960874   1.36460365E+02   2.24853289E+00   1.36254186E+02   1.36667944E+02   1.35487597E+02   1.37441582E+02   1.35455929E+02   1.36488717E+02
275422870.3146071189   1.36625510E+02   2.24734893E+00   1.36418763E+02   1.36833667E+02   1.35652775E+02   1.37606728E+02   1.35623907E+02   1.36653713E+02
380189396.2867578083   1.36785723E+02   2.24597284E+00   1.36578464E+02   1.36994403E+02   1.35813142E+02   1.37766809E+02   1.35786857E+02   1.36813782E+02
524807460.1930522653   1.36941330E+02   2.24441031E+00   1.36733621E+02   1.37150472E+02   1.35969028E+02   1.37922167E+02   1.35945113E+02   1.36969252E+02
724435959.9828093833   1.37092643E+02   2.24267793E+00   1.36884538E+02   1.37302194E+02   1.36120729E+02   1.38073119E+02   1.36098993E+02   1.37120432E+02
999999999.9535888438   1.37239943E+02   2.24077609E+00   1.37031494E+02   1.37449846E+02   1.36268527E+02   1.38219952E+02   1.36248782E+02   1.37267605E+02
1380384264.5123626170   1.37383479E+02   2.23872491E+00   1.37174736E+02   1.37593687E+02   1.36412660E+02   1.38362926E+02   1.36394734E+02   1.37411017E+02
1905460717.8017709192   1.37523515E+02   2.23651707E+00   1.37314526E+02   1.37733978E+02   1.36553391E+02   1.38502300E+02   1.36537118E+02   1.37550934E+02
2630267991.6220698669   1.37660269E+02   2.23416378E+00   1.37451080E+02   1.37870941E+02   1.36690932E+02   1.38638300E+02   1.36676156E+02   1.37687573E+02
3630780547.2541487940   1.37793956E+02   2.23167056E+00   1.37584611E+02   1.38004792E+02   1.36825494E+02   1.38771145E+02   1.36812067E+02   1.37821148E+02
5011872336.0610056504   1.37924772E+02   2.22904344E+00   1.37715313E+02   1.38135730E+02   1.36957270E+02   1.38901036E+02   1.36945052E+02   1.37951857E+02
6918309708.7645147226   1.38053081E+02   2.22630708E+00   1.37843548E+02   1.38264123E+02   1.37086608E+02   1.39028353E+02   1.37075479E+02   1.38080061E+02
9549925859.4448653730   1.38178713E+02   2.22342762E+00   1.37969154E+02   1.38389796E+02   1.37213355E+02   1.39152905E+02   1.37203177E+02   1.38205592E+02
13182567384.2492111361   1.38302006E+02   2.22043157E+00   1.38092444E+02   1.38513091E+02   1.37337837E+02   1.39275046E+02   1.37328490E+02   1.38328786E+02
18197008583.9360514383   1.38423089E+02   2.21732054E+00   1.38213566E+02   1.38634140E+02   1.37460178E+02   1.39394907E+02   1.37451549E+02   1.38449773E+02
25118864314.1393974938   1.38542108E+02   2.21409955E+00   1.38332660E+02   1.38753092E+02   1.37580523E+02   1.39512638E+02   1.37572503E+02   1.38568699E+02
34673685043.2683898717   1.38659195E+02   2.21077293E+00   1.38449855E+02   1.38870077E+02   1.37699000E+02   1.39628373E+02   1.37691486E+02   1.38685695E+02
47863009228.6067221149   1.38774473E+02   2.20734475E+00   1.38565272E+02   1.38985222E+02   1.37815730E+02   1.39742237E+02   1.37808624E+02   1.38800884E+02
66069344794.4450691994   1.38888056E+02   2.20381889E+00   1.38679025E+02   1.39098639E+02   1.37930823E+02   1.39854348E+02   1.37924032E+02   1.38914380E+02
91201083925.1264982896   1.39000050E+02   2.20019912E+00   1.38791219E+02   1.39210439E+02   1.38044383E+02   1.39964815E+02   1.38037819E+02   1.39026290E+02
125892541175.1480709910   1.39110556E+02   2.19648902E+00   1.38901952E+02   1.39320721E+02   1.38156510E+02   1.40073739E+02   1.38150087E+02   1.39136713E+02
173780082865.7144314941   1.39219666E+02   2.19269212E+00   1.39011318E+02   1.39429581E+02   1.38267293E+02   1.40181216E+02   1.38260931E+02   1.39245742E+02
239883291884.6199053219   1.39327469E+02   2.18881165E+00   1.39119402E+02   1.39537106E+02   1.38376818E+02   1.40287336E+02   1.38370440E+02   1.39353466E+02
331131121452.3236303334   1.39434046E+02   2.18485087E+00   1.39226286E+02   1.39643381E+02   1.38485165E+02   1.40392184E+02   1.38478698E+02   1.39459965E+02
457088189564.3335648694   1.39539474E+02   2.18081291E+00   1.39332045E+02   1.39748482E+02   1.38592409E+02   1.40495837E+02   1.38585783E+02   1.39565317E+02
630957344461.4291639090   1.39643825E+02   2.17670079E+00   1.39436749E+02   1.39852481E+02   1.38698618E+02   1.40598368E+02   1.38691767E+02   1.39669593E+02
870963589913.4857562528   1.39747164E+02   2.17251736E+00   1.39540465E+02   1.39955448E+02   1.38803859E+02   1.40699848E+02   1.38796719E+02   1.39772859E+02
1202264434535.5725260276   1.39849567E+02   2.16826287E+00   1.39643267E+02   1.40057445E+02   1.38908203E+02   1.40800349E+02   1.38900713E+02   1.39875189E+02
1659586907292.7811623506   1.39951078E+02   2.16394633E+00   1.39745197E+02   1.40158548E+02   1.39011694E+02   1.40899922E+02   1.39003797E+02   1.39976629E+02
2290867652524.0140647252   1.40051756E+02   2.15956525E+00   1.39846313E+02   1.40258789E+02   1.39114389E+02   1.40998624E+02   1.39106029E+02   1.40077237E+02
3162277660087.5165711267   1.40151653E+02   2.15512341E+00   1.39946668E+02   1.40358231E+02   1.39216338E+02   1.41096510E+02   1.39207463E+02   1.40177065E+02
4365158322206.3736399677   1.40250818E+02   2.15041829E+00   1.40046310E+02   1.40456739E+02   1.39317590E+02   1.41193436E+02   1.39308149E+02   1.40276162E+02
6025595860358.5187453913   1.40349096E+02   2.14603651E+00   1.40145087E+02   1.40554703E+02   1.39418003E+02   1.41289814E+02   1.39407929E+02   1.40374373E+02
8317637710335.7619214981   1.40446907E+02   2.14142333E+00   1.40243409E+02   1.40652003E+02   1.39517966E+02   1.41385514E+02   1.39507230E+02   1.40472117E+02
11481536213794.9939080792   1.40544111E+02   2.13675850E+00   1.40341141E+02   1.40748680E+02   1.39617351E+02   1.41480578E+02   1.39605910E+02   1.40569256E+02
15848931924271.9197018290   1.40640745E+02   2.13204416E+00   1.40438318E+02   1.40844772E+02   1.39716196E+02   1.41575043E+02   1.39704006E+02   1.40665825E+02
21877616238607.9633154475   1.40736845E+02   2.12728241E+00   1.40534977E+02   1.40940314E+02   1.39814533E+02   1.41668946E+02   1.39801555E+02   1.40761861E+02
30199517202216.1690455911   1.40832442E+02   2.12247526E+00   1.40631147E+02   1.41035338E+02   1.39912395E+02   1.41762320E+02   1.39898590E+02   1.40857394E+02
41686938343744.3483498525   1.40927567E+02   2.11762467E+00   1.40726859E+02   1.41129876E+02   1.40009809E+02   1.41855197E+02   1.39995141E+02   1.40952457E+02
57543993728072.4334070396   1.41022249E+02   2.11273258E+00   1.40822141E+02   1.41223958E+02   1.40106804E+02   1.41947607E+02   1.40091238E+02   1.41047076E+02
79432823471059.1248705022   1.41116513E+02   2.10780084E+00   1.40917019E+02   1.41317609E+02   1.40203405E+02   1.42039576E+02   1.40186906E+02   1.41141279E+02
109647819610327.1667774216   1.41210386E+02   2.10283119E+00   1.41011517E+02   1.41410855E+02   1.40299635E+02   1.42131131E+02   1.40282173E+02   1.41235090E+02
151356124835210.2894671348   1.41303889E+02   2.09782547E+00   1.41105657E+02   1.41503721E+02   1.40395518E+02   1.42222296E+02   1.40377061E+02   1.41328532E+02
208929613069789.7618384511   1.41397045E+02   2.09278538E+00   1.41199462E+02   1.41596228E+02   1.40491073E+02   1.42313094E+02   1.40471593E+02   1.41421628E+02
288403150285579.3680086429   1.41489885E+02   2.08770986E+00   1.41292963E+02   1.41688396E+02   1.40586330E+02   1.42403555E+02   1.40565799E+02   1.41514407E+02
398107170548295.1896823483   1.41582412E+02   2.08271647E+00   1.41386161E+02   1.41780260E+02   1.40681294E+02   1.42493813E+02   1.40659685E+02   1.41606875E+02
549540873839910.9909486417   1.41674778E+02   2.07749974E+00   1.41479202E+02   1.41871950E+02   1.40776099E+02   1.42583654E+02   1.40753401E+02   1.41699181E+02
758577574990193.0496600956   1.41766760E+02   2.07234122E+00   1.41571873E+02   1.41963241E+02   1.40870549E+02   1.42673208E+02   1.40846725E+02   1.41791104E+02
1047128547977007.6781970958   1.41858486E+02   2.06719216E+00   1.41664298E+02   1.42054299E+02   1.40964759E+02   1.42762525E+02   1.40939787E+02   1.41882772E+02
1445439770616224.4869432598   1.41950008E+02   2.06195199E+00   1.41756526E+02   1.42145081E+02   1.41058776E+02   1.42851557E+02   1.41032638E+02   1.41974235E+02
1995262314951123.8308975205   1.42041272E+02   2.05671976E+00   1.41848505E+02   1.42235628E+02   1.41152551E+02   1.42940349E+02   1.41125223E+02   1.42065441E+02
2754228703260868.0251416251   1.42132323E+02   2.05145898E+00   1.41940286E+02   1.42325954E+02   1.41246133E+02   1.43028915E+02   1.41217588E+02   1.42156435E+02
3801893963026041.8296902419   1.42223181E+02   2.04619097E+00   1.42031868E+02   1.42416079E+02   1.41339521E+02   1.43117275E+02   1.41309754E+02   1.42247235E+02
5248074602149263.5144873406   1.42313843E+02   2.04089729E+00   1.42123268E+02   1.42506000E+02   1.41432731E+02   1.43205427E+02   1.41401717E+02   1.42337839E+02
7244359600130040.2769474521   1.42404325E+02   2.03558574E+00   1.42214495E+02   1.42595736E+02   1.41525772E+02   1.43293390E+02   1.41493495E+02   1.42428264E+02
9999999999952690.5571214791   1.42494639E+02   2.03025753E+00   1.42305560E+02   1.42685296E+02   1.41618655E+02   1.43381173E+02   1.41585098E+02   1.42518521E+02
