-2.6666666666666666 118.175 118.787 118.591 1.23287 122.66716383 1.93101059 122.800576 120.747 116.979948
-2.6000000000000000 118.615 119.189 118.991 1.20002 122.88585893 1.89212291 123.276249 121.221 116.979948
-2.5333333333333333 118.964 119.502 119.304 1.16834 122.83346154 1.84214207 123.6446 121.591 116.979948
-2.4666666666666666 119.227 119.734 119.536 1.1378 122.81838548 1.80164678 123.914545 121.867 116.979948
-2.4000000000000000 119.413 119.892 119.693 1.10838 122.82716410 1.76759573 124.094316 122.055 116.979948
-2.3333333333333333 119.526 119.981 119.783 1.08006 122.72347879 1.73105559 124.191597 122.163 116.979948
-2.2666666666666666 119.573 120.008 119.811 1.05283 122.53669635 1.69335638 124.213551 122.198 116.979948
-2.2000000000000000 119.56 119.977 119.782 1.02668 122.36267865 1.65840602 124.166913 122.166 116.979948
-2.1333333333333333 119.49 119.895 119.702 1.00162 122.18493235 1.62654941 124.058002 122.074 122.239233
-2.0666666666666666 119.37 119.765 119.575 0.977648 121.92260200 1.59577626 123.892809 121.927 122.239233
-2.0000000000000000 119.205 119.594 119.406 0.954738 121.62416663 1.56565620 123.676994 121.731 122.239233
-1.9333333333333333 118.998 119.384 119.2 0.933156 121.31949320 1.53650564 123.415915 121.491 122.239233
-1.8666666666666666 118.755 119.14 118.96 0.91206 121.00111583 1.50768468 123.114728 121.212 122.239233
-1.8000000000000000 118.48 118.867 118.69 0.892383 120.65429008 1.47908503 122.778293 120.898 122.239233
-1.7333333333333333 118.176 118.568 118.394 0.873676 120.27015148 1.45049093 122.411287 120.555 122.239233
-1.6666666666666666 117.848 118.246 118.076 0.855971 119.88275452 1.42090108 122.018191 120.186 122.239233
-1.6000000000000000 117.501 117.906 117.74 0.839262 119.48195658 1.38875227 121.603299 119.795 119.824663
-1.5333333333333333 117.136 117.55 117.389 0.82352 119.07315851 1.35637815 121.170722 119.388 119.416854
-1.4666666666666666 116.759 117.182 117.025 0.808726 118.65607185 1.32414534 120.724427 118.966 118.995558
-1.4000000000000000 116.373 116.806 116.653 0.794848 118.22799066 1.29155308 120.268217 118.536 118.564478
-1.3333333333333333 115.98 116.423 116.274 0.78186 117.79953570 1.25931683 119.80576 118.098 118.564478
-1.2666666666666666 115.586 116.038 115.893 0.769732 117.37273523 1.22339569 119.34057 117.658 117.687079
-1.2000000000000000 115.192 115.652 115.512 0.758435 116.94628784 1.18875329 118.876039 117.219 117.247482
-1.1333333333333333 114.802 115.269 115.133 0.747937 116.52440388 1.15468773 118.415418 116.783 116.811549
-1.0666666666666666 114.419 114.892 114.76 0.738209 116.11075361 1.12146182 117.961817 116.354 116.382316
-1.0000000000000000 114.045 114.522 114.394 0.72922 115.70695388 1.08913692 117.51823 115.934 115.962692
-.9333333333333333 113.684 114.162 114.039 0.72094 115.31543878 1.05778121 117.087494 115.527 115.555453
-.8666666666666666 113.339 113.815 113.695 0.71334 114.93838996 1.02817170 116.672339 115.135 115.16325
-.8000000000000000 113.011 113.483 113.367 0.706393 114.57562048 1.00282994 116.275331 114.76 115.16325
-.7333333333333333 112.703 113.168 113.055 0.70007 114.23403173 0.97666222 115.901141 114.405 115.16325
-.6666666666666666 112.418 112.872 112.762 0.694346 113.91408368 0.95144591 115.54756 114.073 114.101281
-.6000000000000000 112.158 112.596 112.49 0.689197 113.61777426 0.92758898 115.219006 113.764 114.095203
-.5333333333333333 111.923 112.343 112.24 0.684598 113.34709201 0.90537115 114.917484 113.482 113.836116
-.4666666666666666 111.717 112.114 112.014 0.680528 113.10394555 0.88500464 114.644818 113.228 113.836116
-.4000000000000000 111.542 111.911 111.813 0.676966 112.88995336 0.86666728 114.402689 113.003 113.836116
-.3333333333333333 111.397 111.735 111.639 0.67389 112.70661247 0.85050563 114.192596 112.81 112.839301
-.2666666666666666 111.285 111.587 111.492 0.67128 112.55520602 0.83664863 114.015879 112.649 112.678552
-.2000000000000000 111.207 111.469 111.375 0.669117 112.43705081 0.82523904 113.873696 112.521 112.551428
-.1333333333333333 111.164 111.38 111.288 0.667381 112.35334564 0.81641339 113.764287 112.428 112.458907
-.0666666666666666 111.156 111.323 111.231 0.666784 112.30278518 0.80991341 113.693942 112.371 112.458907
0 111.184 111.297 111.205 0.666345 112.38714913 0.80800447 113.660505 112.349 112.381684
.0666666666666666 111.248 111.303 111.211 0.66525 112.31240972 0.80536067 113.664388 112.364 112.396076
.1333333333333333 111.349 111.341 111.249 0.664263 112.36932214 0.80696558 113.70581 112.415 112.448171
.2000000000000000 111.485 111.411 111.318 0.664317 112.46147042 0.81121645 113.784782 112.503 112.537052
.2666666666666666 111.658 111.514 111.42 0.664646 112.58839590 0.81807476 113.901156 112.628 112.662595
.3333333333333333 111.867 111.648 111.552 0.665216 112.74940837 0.82748720 114.054551 112.789 112.824492
.4000000000000000 112.11 111.814 111.716 0.665987 112.94360012 0.83938389 114.244402 112.986 113.02224
.4666666666666666 112.387 112.01 111.91 0.666916 113.16993533 0.85367400 114.469955 113.218 113.255152
.5333333333333333 112.696 112.237 112.134 0.667955 113.42720947 0.87025405 114.730255 113.484 113.941767
.6000000000000000 113.038 112.492 112.387 0.66905 113.71403207 0.88900532 115.024145 113.783 113.822813
.6666666666666666 113.409 112.775 112.666 0.674212 114.02887883 0.90979335 115.350283 114.114 114.155213
.7333333333333333 113.808 113.084 112.972 0.684689 114.37012922 0.93246965 115.707152 114.475 114.51816
.8000000000000000 114.234 113.419 113.303 0.695562 114.73607176 0.95688192 116.09301 114.866 114.910046
.8666666666666666 114.684 113.776 113.656 0.706691 115.12508513 0.98290331 116.505973 115.283 115.329087
.9333333333333333 115.156 114.154 114.031 0.717909 115.53558209 1.01041823 116.94395 115.725 115.773328
1.0000000000000000 115.648 114.552 114.424 0.729024 115.96529368 1.03924768 117.405638 116.191 116.240645
1.0666666666666666 116.156 114.967 114.834 0.739813 116.41077907 1.06909981 117.886644 116.677 116.728758
1.1333333333333333 116.679 115.396 115.259 0.750032 116.86868178 1.09970609 118.385308 117.181 117.235239
1.2000000000000000 117.213 115.837 115.696 0.75941 117.33781874 1.13105470 118.898826 117.701 117.757534
1.2666666666666666 117.756 116.288 116.142 0.767652 117.81793809 1.16318047 119.424227 118.234 118.293002
1.3333333333333333 118.303 116.745 116.594 0.774445 118.30720494 1.19588874 119.958362 118.776 118.83901
1.4000000000000000 118.853 117.205 117.049 0.779458 118.80603317 1.22931865 120.497891 119.327 119.393177
1.4666666666666666 119.4 117.666 117.505 0.782357 119.31239436 1.26350083 121.039352 119.882 119.954262
1.5333333333333333 119.941 118.123 117.958 0.794646 119.81109690 1.29711005 121.578921 120.442 120.52844
1.6000000000000000 120.473 118.574 118.404 0.823943 120.29688511 1.32985918 121.578921 121.026 120.52844
1.6666666666666666 120.991 119.014 118.839 0.853805 120.78366887 1.36314574 121.578921 0 121.560945
1.7333333333333333 121.491 119.44 119.26 0.884219 121.27359543 1.39690780 121.578921 0 121.560945
1.8000000000000000 121.969 119.847 119.663 0.915074 121.77343384 1.43205132 121.578921 0 121.560945
1.8666666666666666 122.419 120.231 120.044 0.946234 122.24991488 1.46597933 121.578921 0 121.560945
1.9333333333333333 122.838 120.588 120.397 0.977553 122.67682663 1.49677696 121.578921 0 121.560945
2.0000000000000000 123.22 120.913 120.718 1.00885 123.10067311 1.52846415 121.578921 0 121.560945
2.0666666666666666 123.559 121.2 121.002 1.03989 123.54716152 1.56275067 121.578921 0 121.560945
2.1333333333333333 123.85 121.445 121.244 1.07041 123.99759234 1.59866123 121.578921 0 121.560945
2.2000000000000000 124.088 121.642 121.438 1.10011 124.34241359 1.62838471 121.578921 0 121.560945
2.2666666666666666 124.266 121.785 121.578 1.12859 124.67216463 1.65885563 121.578921 0 121.560945
2.3333333333333333 124.377 121.867 121.659 1.1554 125.04357128 1.69428351 121.578921 0 121.560945
2.4000000000000000 124.415 121.882 121.672 1.20615 125.41359697 1.73136337 121.578921 0 121.560945
2.4666666666666666 124.372 121.823 121.612 1.26975 125.59969898 1.75888809 121.578921 0 121.560945
2.5333333333333333 124.24 121.681 121.47 1.33533 125.80679277 1.78936918 121.578921 0 121.560945
2.6000000000000000 124.012 121.449 121.239 1.40223 126.14534544 1.83392893 121.578921 0 121.560945
2.6666666666666666 123.677 121.117 120.908 1.46965 126.29650714 1.87112570 121.578921 0 121.560945
