# MS = 1000, TanBeta = 20, Xt = 2.44949
#             MS        MSSMtower        MSSMMuBMu           HSSUSY         Softsusy
   90.9999999984   9.94917553E+01   1.01257360E+02   1.06990465E+02                -
   97.6002608442   1.01814769E+02   1.02333521E+02   1.07577704E+02                -
  104.6792408569   1.03487543E+02   1.05668894E+02   1.08152533E+02                -
  112.2716616901   1.04956642E+02   1.06617204E+02   1.08715261E+02                -
  120.4147633808   1.06307787E+02   1.07737280E+02   1.09266187E+02                -
  129.1484869982   1.07580395E+02   1.08855886E+02   1.09805607E+02                -
  138.5156705510   1.08793138E+02   1.09969380E+02   1.10333807E+02                -
  148.5622590882   1.09953959E+02   1.11093711E+02   1.10851066E+02                -
  159.3375301133   1.11063722E+02   1.12208104E+02   1.11357659E+02                -
  170.8943351995   1.12117283E+02   1.13302805E+02   1.11853851E+02                -
  183.2893592772   1.13072637E+02   1.14369799E+02   1.12339901E+02                -
  196.5833986541   1.13950233E+02   1.15387195E+02   1.12816063E+02                -
  210.8416592146   1.14723530E+02   1.16326929E+02   1.13282582E+02                -
  226.1340762256   1.15329174E+02   1.17147430E+02   1.13739697E+02                -
  242.5356574502   1.15644371E+02   1.17779035E+02   1.14187641E+02                -
  260.1268509224   1.15389474E+02   1.18085648E+02   1.14626641E+02                -
  278.9939396218   1.13731174E+02   1.17732125E+02   1.15056917E+02                -
  299.2294646619   1.05762680E+02   1.15396078E+02   1.15478684E+02                -
  320.9326791945   8.27929992E+01   1.29666496E+02   1.15892149E+02                -
  344.2100352017   1.09242090E+02   1.12230562E+02   1.16297516E+02                -
  369.1757057673   1.12939239E+02   1.17664495E+02   1.16694981E+02                -
  395.9521448842   1.14773110E+02   1.20390338E+02   1.17084736E+02                -
  424.6706882093   1.15975085E+02   1.21481937E+02   1.17466967E+02   1.18295133e+02
  455.4721972196   1.16876401E+02   1.22444403E+02   1.17841856E+02   1.21017757e+02
  488.5077501223   1.17607679E+02   1.23212188E+02   1.18209578E+02   1.22381648e+02
  523.9393828785   1.18231768E+02   1.23889648E+02   1.18570304E+02   1.23340140e+02
  561.9408839163   1.18782937E+02   1.24509200E+02   1.18924200E+02   1.24111141e+02
  602.6986467658   1.19281588E+02   1.25088736E+02   1.19271429E+02   1.24778325e+02
  646.4125839746   1.19740683E+02   1.25639154E+02   1.19612147E+02   1.25381154e+02
  693.2971078714   1.20168890E+02   1.26167899E+02   1.19946508E+02   1.25940838e+02
  743.5821821838   1.20572246E+02   1.26680050E+02   1.20274659E+02   1.26469886e+02
  797.5144499863   1.20955099E+02   1.27173127E+02   1.20596745E+02   1.26976236e+02
  855.3584433740   1.21320669E+02   1.27656685E+02   1.20912907E+02   1.27465246e+02
  917.3978813010   1.21671399E+02   1.28131273E+02   1.21223281E+02   1.27940742e+02
  983.9370606967   1.22009183E+02   1.28598370E+02   1.21528000E+02   1.28405629e+02
 1055.3023493356   1.22335514E+02   1.29059355E+02   1.21827194E+02   1.28862154e+02
 1131.8437865576   1.22651588E+02   1.29515493E+02   1.22120987E+02   1.29312279e+02
 1213.9368001745   1.22958379E+02   1.29967985E+02   1.22409503E+02   1.29757720e+02
 1301.9840477743   1.23256689E+02   1.30418025E+02   1.22692860E+02   1.30200135e+02
 1396.4173922271   1.23547185E+02   1.30867065E+02   1.22971174E+02   1.30641187e+02
 1497.7000191730   1.23830430E+02   1.31315761E+02   1.23244557E+02   1.31082722e+02
 1606.3287093934   1.24106903E+02   1.31766700E+02   1.23513119E+02   1.31526846e+02
 1722.8362753486   1.24377016E+02   1.32220748E+02   1.23776967E+02   1.31976253e+02
 1847.7941745671   1.24641124E+02   1.32680718E+02   1.24036204E+02   1.32434748e+02
 1981.8153123877   1.24899540E+02   1.33148894E+02   1.24290932E+02   1.32908949e+02
 2125.5570489754   1.25152537E+02   1.33629991E+02   1.24541249E+02   1.33425304e+02
 2279.7244224569   1.25400367E+02   1.34129668E+02   1.24787250E+02   1.33928947e+02
 2445.0736078110   1.25643232E+02   1.34663727E+02   1.25029029E+02   1.33998187e+02
 2622.4156256443   1.25881291E+02   1.33315982E+02   1.25266676E+02   1.33026422e+02
 2812.6203201629   1.26114806E+02   1.32767457E+02   1.25500280E+02   1.32532884e+02
 3016.6206256683   1.26343897E+02   1.32492182E+02   1.25729928E+02   1.32241133e+02
 3235.4171421794   1.26568713E+02   1.32333874E+02   1.25955702E+02   1.32056728e+02
 3470.0830445447   1.26789390E+02   1.32245943E+02   1.26177685E+02   1.31940152e+02
 3721.7693443774   1.27006055E+02   1.32208404E+02   1.26395957E+02   1.31870505e+02
 3991.7105368771   1.27218825E+02   1.32203464E+02   1.26610594E+02   1.31835173e+02
 4281.2306555985   1.27427810E+02   1.32223620E+02   1.26821673E+02   1.31825868e+02
 4591.7497666994   1.27633114E+02   1.32266080E+02   1.27029268E+02   1.31836808e+02
 4924.7909337245   1.27834832E+02   1.32319734E+02   1.27233449E+02   1.31863789e+02
 5281.9876900118   1.28033058E+02   1.32394257E+02   1.27434288E+02   1.31903658e+02
 5665.0920481484   1.28227879E+02   1.32470493E+02   1.27631852E+02   1.31953971e+02
 6075.9830952811   1.28419378E+02   1.32548447E+02   1.27826208E+02   1.32012814e+02
 6516.6762093844   1.28607634E+02   1.32635694E+02   1.28017421E+02   1.32078646e+02
 6989.3329444808   1.28792723E+02   1.32729673E+02   1.28205555E+02   1.32150235e+02
 7496.2716320893   1.28974718E+02   1.32828455E+02   1.28390671E+02   1.32226555e+02
 8039.9787553490   1.29153688E+02   1.32931316E+02   1.28572829E+02   1.32306762e+02
 8623.1211406152   1.29329701E+02   1.33037471E+02   1.28752088E+02   1.32390100e+02
 9248.5590408126   1.29502821E+02   1.33146286E+02   1.28928506E+02   1.32475999e+02
 9919.3601639805   1.29673110E+02   1.33257237E+02   1.29102138E+02   1.32564024e+02
10638.8147200625   1.29840630E+02   1.33369879E+02   1.29273039E+02   1.32653716e+02
11410.4515579037   1.30005439E+02   1.33483841E+02   1.29441263E+02   1.32744017e+02
12238.0554783759   1.30167595E+02   1.33598792E+02   1.29606862E+02   1.32835241e+02
13125.6857918182   1.30327151E+02   1.33714479E+02   1.29769885E+02   1.32929650e+02
14077.6962328661   1.30484161E+02   1.33830635E+02   1.29930384E+02   1.33020453e+02
15098.7563140043   1.30638678E+02   1.33947037E+02   1.30088406E+02   1.33110782e+02
16193.8742290415   1.30790750E+02   1.34063585E+02   1.30243999E+02   1.33213904e+02
17368.4214177814   1.30940428E+02   1.34180087E+02   1.30397209E+02   1.33306691e+02
18628.1589105151   1.31087755E+02   1.34296426E+02   1.30548081E+02   1.33399968e+02
19979.2655926028   1.31232784E+02   1.34412377E+02   1.30696659E+02   1.33432746e+02
21428.3685004663   1.31375558E+02   1.34528593E+02   1.30842986E+02   1.33554778e+02
22982.5753335889   1.31516119E+02   1.34643658E+02   1.30987105E+02   1.33672203e+02
24649.5093153077   1.31654512E+02   1.34829220E+02   1.31129055E+02   1.33849749e+02
26437.3465839331   1.31790778E+02   1.34941292E+02   1.31268879E+02   1.33790482e+02
28354.8562930239   1.31924958E+02   1.35054605E+02   1.31406614E+02   1.34254111e+02
30411.4436343266   1.32057093E+02   1.35175102E+02   1.31542300E+02   1.33665877e+02
32617.1959528275   1.32187219E+02   0.00000000E+00   1.31675973E+02   1.34361371e+02
34982.9322349006   1.32315377E+02   0.00000000E+00   1.31807671E+02   1.31272000e+02
37520.2561716700   1.32441603E+02   0.00000000E+00   1.31937429E+02   1.34773068e+02
40241.6130739117   1.32565932E+02   0.00000000E+00   1.32065282E+02   1.28425633e+02
43160.3509106959   1.32688402E+02   0.00000000E+00   1.32191265E+02   1.32314011e+02
46290.7857967636   1.32809045E+02   0.00000000E+00   1.32315412E+02   1.55260574e+02
49648.2721865642   1.32927900E+02   0.00000000E+00   1.32437754E+02   1.38189058e+02
53249.2782026504   1.33044992E+02   0.00000000E+00   1.32558324E+02   1.28935530e+02
57111.4664060877   1.33160358E+02   0.00000000E+00   1.32677154E+02   1.38004037e+02
61253.7804294845   1.33274028E+02   0.00000000E+00   1.32794274E+02   1.59845801e+02
65696.5378869760   1.33386040E+02   0.00000000E+00   1.32909714E+02   1.60517879e+02
70461.5300558487   1.33496413E+02   0.00000000E+00   1.33023504E+02                -
75572.1287224104   1.33605182E+02   0.00000000E+00   1.33135673E+02   4.76893119e+01
81053.4008431245   1.33712375E+02   0.00000000E+00   1.33246247E+02                -
86932.2314893061   1.33818027E+02   0.00000000E+00   1.33355257E+02   3.90631014e+02
93237.4557156087   1.33922154E+02   0.00000000E+00   1.33462727E+02   1.10394151e+03
99999.9999929771   1.34024789E+02   0.00000000E+00   1.33568684E+02   7.53254478e+02
