# MS = 1000, TanBeta = 20, Xt = 2.44949
#             MS        MSSMtower        MSSMMuBMu           HSSUSY
   90.9999999984   9.93863390E+01   1.01257360E+02   1.11130207E+02
   97.6002608442   1.02366003E+02   1.02333521E+02   1.11566702E+02
  104.6792408569   1.04048022E+02   1.05668894E+02   1.11997864E+02
  112.2716616901   1.05330632E+02   1.06617204E+02   1.12423597E+02
  120.4147633808   1.06625606E+02   1.07737280E+02   1.12843823E+02
  129.1484869982   1.07894348E+02   1.08855886E+02   1.13258484E+02
  138.5156705510   1.09139864E+02   1.09969380E+02   1.13667539E+02
  148.5622590882   1.10367168E+02   1.11093711E+02   1.14070959E+02
  159.3375301133   1.11574901E+02   1.12208104E+02   1.14468728E+02
  170.8943351995   1.12759128E+02   1.13302805E+02   1.14860844E+02
  183.2893592772   1.13880493E+02   1.14369799E+02   1.15247312E+02
  196.5833986541   1.14963491E+02   1.15387195E+02   1.15628148E+02
  210.8416592146   1.15988633E+02   1.16326929E+02   1.16003376E+02
  226.1340762256   1.16905463E+02   1.17147430E+02   1.16373025E+02
  242.5356574502   1.17618743E+02   1.17779035E+02   1.16737133E+02
  260.1268509224   1.17924010E+02   1.18085648E+02   1.17095742E+02
  278.9939396218   1.17287107E+02   1.17732125E+02   1.17448898E+02
  299.2294646619   1.13645554E+02   1.15396078E+02   1.17796654E+02
  320.9326791945   9.69489007E+01   1.29666496E+02   1.18139065E+02
  344.2100352017   1.07908775E+02   1.12230562E+02   1.18476187E+02
  369.1757057673   1.14771762E+02   1.17664495E+02   1.18808082E+02
  395.9521448842   1.17219508E+02   1.20390338E+02   1.19134814E+02
  424.6706882093   1.18633138E+02   1.21481937E+02   1.19456447E+02
  455.4721972196   1.19625016E+02   1.22444403E+02   1.19773047E+02
  488.5077501223   1.20399620E+02   1.23212188E+02   1.20084684E+02
  523.9393828785   1.21045834E+02   1.23889648E+02   1.20391425E+02
  561.9408839163   1.21608736E+02   1.24509200E+02   1.20693341E+02
  602.6986467658   1.22113695E+02   1.25088736E+02   1.20990503E+02
  646.4125839746   1.22576110E+02   1.25639154E+02   1.21282980E+02
  693.2971078714   1.23005888E+02   1.26167899E+02   1.21570845E+02
  743.5821821838   1.23409707E+02   1.26680050E+02   1.21854167E+02
  797.5144499863   1.23792244E+02   1.27173127E+02   1.22133019E+02
  855.3584433740   1.24156883E+02   1.27656685E+02   1.22407472E+02
  917.3978813010   1.24506143E+02   1.28131273E+02   1.22677595E+02
  983.9370606967   1.24841943E+02   1.28598370E+02   1.22943460E+02
 1055.3023493356   1.25165783E+02   1.29059355E+02   1.23205136E+02
 1131.8437865576   1.25478850E+02   1.29515493E+02   1.23462692E+02
 1213.9368001745   1.25782111E+02   1.29967985E+02   1.23716198E+02
 1301.9840477743   1.26076351E+02   1.30418025E+02   1.23965720E+02
 1396.4173922271   1.26362241E+02   1.30867065E+02   1.24211327E+02
 1497.7000191730   1.26640333E+02   1.31315761E+02   1.24453085E+02
 1606.3287093934   1.26911109E+02   1.31766700E+02   1.24691059E+02
 1722.8362753486   1.27174984E+02   1.32220748E+02   1.24925314E+02
 1847.7941745671   1.27432322E+02   1.32680718E+02   1.25155916E+02
 1981.8153123877   1.27683444E+02   1.33148894E+02   1.25382925E+02
 2125.5570489754   1.27928639E+02   1.33629991E+02   1.25606406E+02
 2279.7244224569   1.28168163E+02   1.34129668E+02   1.25826419E+02
 2445.0736078110   1.28402251E+02   1.34663727E+02   1.26043025E+02
 2622.4156256443   1.28631117E+02   1.33315982E+02   1.26256282E+02
 2812.6203201629   1.28854909E+02   1.32767457E+02   1.26466251E+02
 3016.6206256683   1.29073899E+02   1.32492182E+02   1.26672987E+02
 3235.4171421794   1.29288187E+02   1.32333874E+02   1.26876549E+02
 3470.0830445447   1.29497978E+02   1.32245943E+02   1.27076991E+02
 3721.7693443774   1.29703395E+02   1.32208404E+02   1.27274368E+02
 3991.7105368771   1.29904576E+02   1.32203464E+02   1.27468734E+02
 4281.2306555985   1.30101651E+02   1.32223620E+02   1.27660142E+02
 4591.7497666994   1.30294744E+02   1.32266080E+02   1.27848644E+02
 4924.7909337245   1.30483999E+02   1.32319734E+02   1.28034291E+02
 5281.9876900118   1.30669471E+02   1.32394257E+02   1.28217133E+02
 5665.0920481484   1.30851294E+02   1.32470493E+02   1.28397219E+02
 6075.9830952811   1.31029517E+02   1.32548447E+02   1.28574598E+02
 6516.6762093844   1.31204334E+02   1.32635694E+02   1.28749316E+02
 6989.3329444808   1.31375791E+02   1.32729673E+02   1.28921420E+02
 7496.2716320893   1.31543976E+02   1.32828455E+02   1.29090957E+02
 8039.9787553490   1.31708974E+02   1.32931316E+02   1.29257970E+02
 8623.1211406152   1.31870866E+02   1.33037471E+02   1.29422504E+02
 9248.5590408126   1.32029733E+02   1.33146286E+02   1.29584603E+02
 9919.3601639805   1.32185649E+02   1.33257237E+02   1.29744307E+02
10638.8147200625   1.32340447E+02   1.33369879E+02   1.29901659E+02
11410.4515579037   1.32490943E+02   1.33483841E+02   1.30056699E+02
12238.0554783759   1.32638740E+02   1.33598792E+02   1.30209468E+02
13125.6857918182   1.32783889E+02   1.33714479E+02   1.30360005E+02
14077.6962328661   1.32926457E+02   1.33830635E+02   1.30508347E+02
15098.7563140043   1.33066526E+02   1.33947037E+02   1.30654534E+02
16193.8742290415   1.33200358E+02   1.34063585E+02   1.30798601E+02
17368.4214177814   1.33335094E+02   1.34180087E+02   1.30940585E+02
18628.1589105151   1.33467479E+02   1.34296426E+02   1.31080522E+02
19979.2655926028   1.33597546E+02   1.34412377E+02   1.31218446E+02
21428.3685004663   1.33725329E+02   1.34528593E+02   1.31354392E+02
22982.5753335889   1.33850914E+02   1.34643658E+02   1.31488393E+02
24649.5093153077   1.33974335E+02   1.34829220E+02   1.31620482E+02
26437.3465839331   1.34095639E+02   1.34941292E+02   1.31750692E+02
28354.8562930239   1.34214873E+02   1.35054605E+02   1.31879054E+02
30411.4436343266   1.34332083E+02   1.35175102E+02   1.32005599E+02
32617.1959528275   1.34447314E+02   0.00000000E+00   1.32130357E+02
34982.9322349006   1.34560607E+02   0.00000000E+00   1.32253359E+02
37520.2561716700   1.34671924E+02   0.00000000E+00   1.32374634E+02
40241.6130739117   1.34781437E+02   0.00000000E+00   1.32494211E+02
43160.3509106959   1.34889162E+02   0.00000000E+00   1.32612116E+02
46290.7857967636   1.34995110E+02   0.00000000E+00   1.32728380E+02
49648.2721865642   1.35099319E+02   0.00000000E+00   1.32843027E+02
53249.2782026504   1.35201825E+02   0.00000000E+00   1.32956086E+02
57111.4664060877   1.35302663E+02   0.00000000E+00   1.33067581E+02
61253.7804294845   1.35401869E+02   0.00000000E+00   1.33177539E+02
65696.5378869760   1.35499477E+02   0.00000000E+00   1.33285985E+02
70461.5300558487   1.35595517E+02   0.00000000E+00   1.33392944E+02
75572.1287224104   1.35690022E+02   0.00000000E+00   1.33498439E+02
81053.4008431245   1.35782976E+02   0.00000000E+00   1.33602494E+02
86932.2314893061   1.35874593E+02   0.00000000E+00   1.33705132E+02
93237.4557156087   1.35963588E+02   0.00000000E+00   1.33806377E+02
99999.9999929771   1.36050110E+02   0.00000000E+00   1.33906250E+02
