# TanBeta = 5, Xt = 0
#             MS        MSSMtower        MSSMMuBMu           HSSUSY
   90.9999999984   7.18387057E+01   7.16685075E+01   6.97602617E+01
   97.6002608442   7.43892480E+01   7.41714156E+01   7.16172812E+01
  104.6792408569   7.66372543E+01   7.63693896E+01   7.33844792E+01
  112.2716616901   7.85722999E+01   7.82535736E+01   7.50695702E+01
  120.4147633808   8.02665070E+01   7.97877692E+01   7.66792481E+01
  129.1484869982   8.17555338E+01   8.12657993E+01   7.82193687E+01
  138.5156705510   8.30792625E+01   8.25919315E+01   7.96950911E+01
  148.5622590882   8.42735236E+01   8.38022541E+01   8.11109898E+01
  159.3375301133   8.53676223E+01   8.49262480E+01   8.24711449E+01
  170.8943351995   8.63844750E+01   8.59868898E+01   8.37792142E+01
  183.2893592772   8.72996360E+01   8.70014145E+01   8.50384927E+01
  196.5833986541   8.81819096E+01   8.79824241E+01   8.62519614E+01
  210.8416592146   8.90513715E+01   8.89388709E+01   8.74223279E+01
  226.1340762256   8.99119853E+01   8.98768962E+01   8.85520608E+01
  242.5356574502   9.07658877E+01   9.08005149E+01   8.96434179E+01
  260.1268509224   9.16139197E+01   9.17121646E+01   9.06984709E+01
  278.9939396218   9.24560349E+01   9.26131376E+01   9.17191263E+01
  299.2294646619   9.32916195E+01   9.35039196E+01   9.27071431E+01
  320.9326791945   9.41197306E+01   9.43844507E+01   9.36641481E+01
  344.2100352017   9.49392679E+01   9.52543249E+01   9.45916500E+01
  369.1757057673   9.57490986E+01   9.61129381E+01   9.54910501E+01
  395.9521448842   9.65481385E+01   9.69595995E+01   9.63636535E+01
  424.6706882093   9.73354149E+01   9.77935956E+01   9.72106773E+01
  455.4721972196   9.81100539E+01   9.86142723E+01   9.80332591E+01
  488.5077501223   9.88713681E+01   9.94210323E+01   9.88324638E+01
  523.9393828785   9.96187906E+01   1.00213374E+02   9.96092897E+01
  561.9408839163   1.00351900E+02   1.00990896E+02   1.00364674E+02
  602.6986467658   1.01070403E+02   1.01753297E+02   1.01099500E+02
  646.4125839746   1.01774122E+02   1.02500372E+02   1.01814596E+02
  693.2971078714   1.02462982E+02   1.03232007E+02   1.02510745E+02
  743.5821821838   1.03136999E+02   1.03948169E+02   1.03188687E+02
  797.5144499863   1.03796239E+02   1.04648895E+02   1.03849120E+02
  855.3584433740   1.04440859E+02   1.05334285E+02   1.04492704E+02
  917.3978813010   1.05071050E+02   1.06004493E+02   1.05120066E+02
  983.9370606967   1.05687039E+02   1.06659714E+02   1.05731800E+02
 1055.3023493356   1.06289091E+02   1.07300182E+02   1.06328468E+02
 1131.8437865576   1.06877490E+02   1.07926158E+02   1.06910606E+02
 1213.9368001745   1.07452538E+02   1.08537925E+02   1.07478722E+02
 1301.9840477743   1.08014546E+02   1.09135786E+02   1.08033301E+02
 1396.4173922271   1.08563836E+02   1.09720053E+02   1.08574805E+02
 1497.7000191730   1.09100730E+02   1.10291050E+02   1.09103671E+02
 1606.3287093934   1.09625553E+02   1.10849103E+02   1.09620321E+02
 1722.8362753486   1.10138621E+02   1.11394543E+02   1.10125153E+02
 1847.7941745671   1.10640264E+02   1.11927742E+02   1.10618551E+02
 1981.8153123877   1.11130791E+02   1.12448948E+02   1.11100879E+02
 2125.5570489754   1.11610473E+02   1.12958523E+02   1.11572488E+02
 2279.7244224569   1.12079682E+02   1.13456786E+02   1.12033712E+02
 2445.0736078110   1.12538715E+02   1.13944052E+02   1.12484871E+02
 2622.4156256443   1.12987790E+02   1.14420629E+02   1.12926273E+02
 2812.6203201629   1.13427218E+02   1.14886817E+02   1.13358211E+02
 3016.6206256683   1.13857270E+02   1.15342909E+02   1.13780969E+02
 3235.4171421794   1.14278207E+02   1.15789192E+02   1.14194817E+02
 3470.0830445447   1.14690283E+02   1.16225944E+02   1.14600016E+02
 3721.7693443774   1.15093744E+02   1.16653435E+02   1.14996815E+02
 3991.7105368771   1.15488828E+02   1.17071927E+02   1.15385455E+02
 4281.2306555985   1.15875765E+02   1.17481675E+02   1.15766168E+02
 4591.7497666994   1.16254762E+02   1.17882925E+02   1.16139176E+02
 4924.7909337245   1.16626064E+02   1.18275917E+02   1.16504693E+02
 5281.9876900118   1.16989865E+02   1.18660882E+02   1.16862925E+02
 5665.0920481484   1.17346366E+02   1.19038045E+02   1.17214070E+02
 6075.9830952811   1.17695762E+02   1.19407622E+02   1.17558322E+02
 6516.6762093844   1.18038307E+02   1.19769824E+02   1.17895863E+02
 6989.3329444808   1.18374062E+02   1.20124854E+02   1.18226872E+02
 7496.2716320893   1.18703259E+02   1.20472909E+02   1.18551521E+02
 8039.9787553490   1.19026067E+02   1.20814180E+02   1.18869976E+02
 8623.1211406152   1.19342651E+02   1.21148851E+02   1.19182397E+02
 9248.5590408126   1.19653170E+02   1.21476757E+02   1.19488939E+02
 9919.3601639805   1.19957778E+02   1.21798734E+02   1.19789750E+02
10638.8147200625   1.20256624E+02   1.22114629E+02   1.20084976E+02
11410.4515579037   1.20549853E+02   1.22424603E+02   1.20374757E+02
12238.0554783759   1.20837604E+02   1.22728813E+02   1.20659227E+02
13125.6857918182   1.21121783E+02   1.23027412E+02   1.20938517E+02
14077.6962328661   1.21399168E+02   1.23321030E+02   1.21212753E+02
15098.7563140043   1.21671482E+02   1.23608828E+02   1.21482059E+02
16193.8742290415   1.21938849E+02   1.23891483E+02   1.21746552E+02
17368.4214177814   1.22201373E+02   1.24169093E+02   1.22006348E+02
18628.1589105151   1.22456367E+02   1.24441783E+02   1.22261557E+02
19979.2655926028   1.22709338E+02   1.24709675E+02   1.22512288E+02
21428.3685004663   1.22957804E+02   1.24972895E+02   1.22758646E+02
22982.5753335889   1.23201869E+02   1.25231557E+02   1.23000731E+02
24649.5093153077   1.23441637E+02   1.25485775E+02   1.23238642E+02
26437.3465839331   1.23677206E+02   1.25735669E+02   1.23472475E+02
28354.8562930239   1.23908673E+02   1.25981341E+02   1.23702321E+02
30411.4436343266   1.24136133E+02   1.26222887E+02   1.23928271E+02
32617.1959528275   1.24359675E+02   1.26460436E+02   1.24150412E+02
34982.9322349006   1.24579389E+02   1.26694040E+02   1.24368829E+02
37520.2561716700   1.24795404E+02   1.26923741E+02   1.24583604E+02
40241.6130739117   1.25007720E+02   1.27149791E+02   1.24794817E+02
43160.3509106959   1.25216456E+02   1.27372221E+02   1.25002545E+02
46290.7857967636   1.25421693E+02   1.27591116E+02   1.25206865E+02
49648.2721865642   1.25623508E+02   1.27806492E+02   1.25407849E+02
53249.2782026504   1.25821973E+02   1.28018298E+02   1.25605568E+02
57111.4664060877   1.26017163E+02   1.28227071E+02   1.25800093E+02
61253.7804294845   1.26209119E+02   1.28432204E+02   1.25991490E+02
65696.5378869760   1.26397963E+02   1.28639077E+02   1.26179826E+02
70461.5300558487   1.26583222E+02   1.28837192E+02   1.26365164E+02
75572.1287224104   1.26765949E+02   1.29601859E+02   1.26547566E+02
81053.4008431245   1.26945835E+02   1.29810454E+02   1.26727092E+02
86932.2314893061   1.27122655E+02                -   1.26903803E+02
93237.4557156087   1.27296908E+02                -   1.27077755E+02
99999.9999929771   1.27467922E+02   1.30227971E+02   1.27249003E+02
