# MS = 100000, TanBeta = 5, Xt = 0
#             MS        MSSMtower         EFTtower        MSSMMuBMu           HSSUSY         Softsusy  MSSMMuBMuSPheno        FeynHiggs   DeltaFeynHiggs           SUSYHD      DeltaSUSYHD           SPheno   SPheno FS-like  MSSMMuBMuYuatMS MSSMMuBMuYuatMSSPheno MSSMtower(yt(MS)^0L)
   91.1875999978   7.19162713E+01                -   7.17547232E+01   6.98162603E+01                -   7.17567449E+01   7.15677308E+01   2.87222755E-01          70.4012          51.8491   7.17183055E+01   7.17160428E+01   7.17547678E+01   7.17567760E+01   7.19959588E+01
  102.4716011870   7.59967068E+01                -   7.58385611E+01   7.28555635E+01   7.54064180e+01   7.58420218E+01   7.58368944E+01   3.09915889E-01          73.3796          37.1083   7.57141397E+01   7.57105834E+01   7.58378708E+01   7.58408176E+01   7.60893308E+01
  115.1519400673   7.92108827E+01                -   7.90775161E+01   7.56602882E+01   7.88263543e+01   7.90826302E+01   7.91383345E+01   3.18787818E-01           76.133          25.9326   7.88846602E+01   7.88784650E+01   7.90755031E+01   7.90783585E+01   7.93229837E+01
  129.4014063181   8.17949517E+01                -   8.17066851E+01   7.82614617E+01   8.15455247e+01   8.17161077E+01   8.17539818E+01   3.16553403E-01          78.6894          17.7016   8.14733783E+01   8.14632247E+01   8.17020325E+01   8.17061749E+01   8.19253646E+01
  145.4141714618   8.39215384E+01                -   8.38996094E+01   8.06839936E+01   8.37892288e+01   8.39149765E+01   8.39056490E+01   3.10141441E-01          81.0734          11.7939   8.36407564E+01   8.36249169E+01   8.38909079E+01   8.38957421E+01   8.40664582E+01
  163.4084347580   8.57446278E+01                -   8.58115180E+01   8.29482600E+01   8.57277618e+01   8.58351073E+01   8.57671456E+01   3.03246094E-01          83.3039          7.65426   8.55375566E+01   8.55138951E+01   8.57970708E+01   8.58020693E+01   8.58999078E+01
  183.6293965136   8.73272729E+01                -   8.75502678E+01   8.50711918E+01   8.74810231e+01   8.75848130E+01   8.74568511E+01   2.97641536E-01          85.3968          4.85577   8.72687408E+01   8.72346498E+01   8.75280722E+01   8.75325466E+01   8.74887535E+01
  206.3525993250   8.87906531E+01                -   8.91830389E+01   8.70670457E+01   8.91220801e+01   8.92317902E+01   8.90441039E+01   2.94434690E-01          87.3661          3.03556   8.89002387E+01   8.88526074E+01   8.91508278E+01   8.91541121E+01   8.89542540E+01
  231.8876827820   9.02258972E+01                -   9.07486350E+01   8.89479644E+01   9.06931234e+01   9.08153361E+01   9.05689043E+01   2.94328102E-01          89.2231          1.88622   9.04703699E+01   9.04055943E+01   9.07038054E+01   9.07053392E+01   9.03876998E+01
  260.5826027968   9.16432328E+01                -   9.22674974E+01   9.07243933E+01   9.22165876e+01   9.23563272E+01   9.20525074E+01   2.97786906E-01          90.9777          1.22384   9.19995454E+01   9.19135736E+01   9.22074739E+01   9.22068398E+01   9.17996865E+01
  292.8283730542   9.30438760E+01                -   9.37488066E+01   9.24053961E+01   9.37025396e+01   9.38642997E+01   9.35052445E+01   3.05082496E-01          92.6389          1.08456   9.34971028E+01   9.33855059E+01   9.36708175E+01   9.36678556E+01   9.31918526E+01
  329.0643931914   9.44245377E+01                -   9.51952638E+01   9.39988976E+01   9.51539887e+01   9.53422190E+01   9.49295422E+01   3.16149425E-01          94.2145          1.00825   9.49659338E+01   9.48239877E+01   9.50964966E+01   9.50913480E+01   9.45613601E+01
  369.7844363134   9.57802323E+01                -   9.66062019E+01   9.55118747E+01   9.65695704e+01   9.67895893E+01   9.63163128E+01   3.30366876E-01          95.7112         0.909936   9.64055175E+01   9.62283069E+01   9.64838683E+01   9.64770111E+01   9.59036767E+01
  415.5433774328   9.71058950E+01                -   9.79795293E+01   9.69505063E+01   9.79477724e+01   9.82044045E+01   9.76694104E+01   3.48307038E-01          97.1346         0.833088   9.78138327E+01   9.75963268E+01   9.78309232E+01   9.78231875E+01   9.72141717E+01
  466.9647545196   9.83972088E+01                -   9.93128576E+01   9.83202954E+01   9.92860051e+01   9.95842896E+01   9.89874815E+01   3.69849654E-01          98.4904         0.776065   9.91884859E+01   9.89256286E+01   9.91354019E+01   9.91279664E+01   9.84889267E+01
  524.7492651926   9.96509052E+01                -   1.00604149E+02   9.96261665E+01   1.00582046e+02   1.00927162E+02   1.00267542E+02   3.94617416E-01          99.7833         0.733832   1.00527370E+02   1.00214110E+02   1.00395430E+02   1.00389806E+02   9.97250288E+01
  589.6843148334   1.00864827E+02                -   1.01851937E+02   1.00872547E+02   1.01834306e+02   1.02231470E+02   1.01501462E+02   4.21841798E-01          101.018         0.703105   1.01828891E+02   1.01460260E+02   1.01609731E+02   1.01607736E+02   1.00920630E+02
  662.6547462299   1.02037799E+02                -   1.03055424E+02   1.02063431E+02   1.03041917e+02   1.03496295E+02   1.02686574E+02   4.51074657E-01          102.197         0.681348   1.03092092E+02   1.02663226E+02   1.02777711E+02   1.02781435E+02   1.02074820E+02
  744.6548969596   1.03169471E+02                -   1.04214429E+02   1.03202441E+02   1.04204652e+02   1.04721320E+02   1.03839159E+02   4.83027815E-01          103.326         0.666513   1.04316610E+02   1.03822777E+02   1.03899400E+02   1.03911173E+02   1.03187458E+02
  836.8021488125   1.04260096E+02                -   1.05329299E+02   1.04292866E+02   1.05322846e+02   1.05906744E+02   1.04940694E+02   5.16480852E-01          104.407          0.65692   1.05502602E+02   1.04939213E+02   1.04975357E+02   1.04997715E+02   1.04259010E+02
  940.3521538853   1.05310432E+02                -   1.06400799E+02   1.05337708E+02   1.06397272e+02   1.07053178E+02   1.06005126E+02   5.51997904E-01          105.442         0.651392   1.06650639E+02   1.06013257E+02   1.06006554E+02   1.06042205E+02   1.05290370E+02
 1056.7159448282   1.06321536E+02                -   1.07430008E+02   1.06339712E+02   1.07429035e+02   1.08161547E+02   1.07030763E+02   5.89139769E-01          106.435         0.648891   1.07761650E+02   1.07045956E+02   1.06994275E+02   1.07046065E+02   1.06282725E+02
 1187.4791623973   1.07294697E+02                -   1.08418229E+02   1.07301394E+02   1.08419466e+02   1.09233069E+02   1.08019920E+02   6.27840711E-01          107.389         0.648763   1.08836683E+02   1.08038627E+02   1.07940014E+02   1.08010903E+02   1.07237466E+02
 1334.4236623183   1.08231326E+02                -   1.09366911E+02   1.08225069E+02   1.09370049e+02   1.10268902E+02   1.08968797E+02   6.67734839E-01          108.305         0.650309   1.09877044E+02   1.08992604E+02   1.08845403E+02   1.08938598E+02   1.08156087E+02
 1499.5517958901   1.09132905E+02                -   1.10277588E+02   1.09112871E+02   1.10282352e+02   1.11270511E+02   1.09883716E+02   7.08920256E-01          109.185         0.653121   1.10884098E+02   1.09909442E+02   1.09712153E+02   1.09830619E+02   1.09040133E+02
 1685.1136951894   1.10000933E+02                -   1.11151834E+02   1.09966768E+02   1.11157984e+02   1.12239332E+02   1.10764526E+02   7.51229512E-01          110.032         0.656849   1.11859261E+02   1.10790695E+02   1.10542021E+02   1.10688885E+02   1.09891157E+02
 1893.6379346798   1.10836892E+02                -   1.11991230E+02   1.10788583E+02   1.11998556e+02   1.13176854E+02   1.11608566E+02   7.94453139E-01          110.848         0.661189   1.12803960E+02   1.11637926E+02   1.11336702E+02   1.11515153E+02   1.10710689E+02
 2127.9659870400   1.11642213E+02                -   1.12797375E+02   1.11580006E+02   1.12805655e+02   1.14084440E+02   1.12429262E+02   8.38912849E-01          111.632         0.665925   1.13719610E+02   1.12452678E+02   1.12097919E+02   1.12311131E+02   1.11500170E+02
 2391.2909427245   1.12418365E+02                -   1.13571718E+02   1.12342609E+02   1.13580873e+02   1.14963523E+02   1.13208624E+02   8.83990175E-01          112.389         0.670916   1.14607593E+02   1.13236460E+02   1.12827373E+02   1.13078516E+02   1.12261097E+02
 2687.2010208726   1.13166711E+02                -   1.14315764E+02   1.13077850E+02   1.14325621e+02   1.15815461E+02   1.13969465E+02   9.30191169E-01          113.118         0.676242   1.15469254E+02   1.13990726E+02   1.13526580E+02   1.13818799E+02   1.12994843E+02
 3019.7284644718   1.13888464E+02                -   1.15030929E+02   1.13787093E+02   1.15041372e+02   1.16641559E+02   1.14692910E+02   9.77049563E-01          113.822         0.681597   1.16305882E+02   1.14716884E+02   1.14197111E+02   1.14533520E+02   1.13702630E+02
 3393.4044860477   1.14584886E+02                -   1.15718565E+02   1.14471607E+02   1.15729495e+02   1.17443067E+02   1.15411952E+02   1.02496445E+00          114.501         0.686947   1.17118711E+02   1.15416273E+02   1.14840431E+02   1.15224102E+02   1.14385720E+02
 3813.3210126041   1.15257142E+02                -   1.16379964E+02   1.15132581E+02   1.16391294e+02   1.18221176E+02   1.16072230E+02   1.07304234E+00          115.157         0.692506   1.17908919E+02   1.16090174E+02   1.15457933E+02   1.15891888E+02   1.15045273E+02
 4285.2000711840   1.15906330E+02                -   1.17016355E+02   1.15771127E+02   1.17028010e+02   1.18977019E+02   1.16725046E+02   1.12329584E+00           115.79         0.698124   1.18677624E+02   1.16739885E+02   1.16050943E+02   1.16538145E+02   1.15682385E+02
 4815.4717605417   1.16533499E+02                -   1.17628901E+02   1.16388287E+02   1.17640818e+02   1.19711670E+02   1.17370785E+02   1.17350026E+00          116.403         0.703624   1.19425886E+02   1.17366413E+02   1.16620716E+02   1.17164066E+02   1.16298086E+02
 5411.3618714114   1.17139629E+02                -   1.18218710E+02   1.16985039E+02   1.18230831e+02   1.20426147E+02   1.17986795E+02   1.22423655E+00          116.995         0.708939   1.20154715E+02   1.17970800E+02   1.17168441E+02   1.17770773E+02   1.16893355E+02
 6080.9903493383   1.17725655E+02                -   1.18787256E+02   1.17562302E+02   1.18799102e+02   1.21121414E+02   1.18555728E+02   1.27560114E+00          117.568         0.714333   1.20865056E+02   1.18554302E+02   1.17695245E+02   1.18359318E+02   1.17469105E+02
 6833.4819417835   1.18292512E+02                -   1.19334683E+02   1.18120940E+02   1.19346629e+02   1.21798382E+02   1.19127635E+02   1.32787147E+00          118.122         0.719656   1.21557811E+02   1.19117902E+02   1.18202193E+02   1.18930689E+02   1.18026204E+02
 7679.0905372449   1.18840943E+02                -   1.19862349E+02   1.18661768E+02   1.19874357e+02   1.22457913E+02   1.19711476E+02   1.38052904E+00          118.659         0.724692   1.22233829E+02   1.19662212E+02   1.18690293E+02   1.19485815E+02   1.18565467E+02
 8629.3388907111   1.19371773E+02                -   1.20371139E+02   1.19185552E+02   1.20383175e+02   1.23100823E+02   1.20225758E+02   1.43414464E+00          119.178         0.729746   1.22893865E+02   1.20188426E+02   1.19160496E+02   1.20025568E+02   1.19087663E+02
 9697.1756394287   1.19885747E+02                -   1.20861898E+02   1.19693016E+02   1.20873930e+02   1.23727880E+02   1.20738823E+02   1.48818856E+00          119.682         0.734728   1.23538786E+02   1.20697224E+02   1.19613705E+02   1.20550764E+02   1.19593520E+02
10897.1517485716   1.20383571E+02                -   1.21335420E+02   1.20184844E+02   1.21347419e+02   1.24339816E+02   1.21252146E+02   1.54272678E+00           120.17          0.73953   1.24169257E+02   1.21189664E+02   1.20050771E+02   1.21062173E+02   1.20083724E+02
12245.6187911631   1.20867484E+02                -   1.21792459E+02   1.20661681E+02   1.21804398e+02   1.24937319E+02   1.21702957E+02   1.60015754E+00          120.643         0.744196   1.24785943E+02   1.21665969E+02   1.20472501E+02   1.21560514E+02   1.20558911E+02
13760.9517641289   1.21335286E+02                -   1.22233732E+02   1.21124140E+02   1.22245594e+02   1.25521009E+02   1.22238257E+02   1.65427471E+00          121.102         0.748852   1.25389494E+02   1.22127288E+02   1.20879660E+02   1.22046441E+02   1.21019720E+02
15463.7994767023   1.21788879E+02                -   1.22659869E+02   1.21572800E+02   1.22671635e+02   1.26091574E+02   1.22633544E+02   1.71233207E+00          121.547         0.753414   1.25980403E+02   1.22574150E+02   1.21272968E+02   1.22520647E+02   1.21466721E+02
17377.3659231189   1.22226208E+02                -   1.23071616E+02   1.22008208E+02   1.23083260e+02   1.26649565E+02   1.23173117E+02   1.76936732E+00           121.98         0.757746   1.26559491E+02   1.23007182E+02   1.21653073E+02   1.22983698E+02   1.21900477E+02
19527.7264737508   1.22652636E+02                -   1.23469522E+02   1.22430884E+02   1.23481025e+02   1.27195522E+02   1.23494444E+02   1.83662108E+00          122.399         0.762106   1.27127163E+02   1.23426997E+02   1.22020701E+02   1.23436157E+02   1.22321488E+02
21944.1831932827   1.23066423E+02                -   1.23854180E+02   1.22841324E+02   1.23865518e+02   1.27729984E+02   1.23934660E+02   1.90225452E+00          122.807         0.766382   1.27683977E+02   1.23834142E+02   1.22376454E+02   1.23878562E+02   1.22730247E+02
24659.6641277031   1.23468085E+02                -   1.24226102E+02   1.23239995E+02   1.24237317e+02   1.28253475E+02   1.24486394E+02   1.95235326E+00          123.202          0.77048   1.28230389E+02   1.24229015E+02   1.22720860E+02   1.24311401E+02   1.23127250E+02
27711.1720010281   1.23858074E+02                -   1.24585913E+02   1.23627344E+02   1.24596872e+02   1.28766473E+02   1.24961845E+02   3.63577550E+00          123.587         0.774472   1.28766884E+02   1.24612730E+02   1.23054557E+02   1.24735125E+02   1.23512931E+02
31140.2884359598   1.24236832E+02                -   1.24933920E+02   1.24003794E+02   1.24944757e+02   1.29269343E+02   1.24593464E+02   4.87933740E+00           123.96         0.778402   1.29293881E+02   1.24984911E+02   1.23377835E+02   1.25150484E+02   1.23887717E+02
34993.7405692835   1.24604779E+02                -   1.25270552E+02   1.24369750E+02   1.25281482e+02   1.29762429E+02   1.29601209E+02   7.58193568E+00          124.323         0.782218   1.29811842E+02   1.25346699E+02   1.23691476E+02   1.25556828E+02   1.24252012E+02
39324.0377830358   1.24962368E+02                -   1.25596270E+02   1.24725594E+02   1.25607090e+02   1.30246581E+02   1.23858286E+02   9.71767311E+00          124.677         0.785855   1.30321159E+02   1.25698310E+02   1.23995673E+02   1.25955694E+02   1.24606205E+02
44190.1872279123   1.25309883E+02                -   1.25912183E+02   1.25071694E+02   1.25922538e+02   1.30720762E+02   1.55979050E+02   5.23900571E+01           125.02         0.789472   1.30822248E+02   1.26040439E+02   1.24291544E+02   1.26347807E+02   1.24950657E+02
49658.4978890535   1.25647736E+02                -   1.26216286E+02   1.25408399E+02   1.26228819e+02   1.31187910E+02   1.60957657E+02   3.65591138E+00          125.354         0.793014   1.31315391E+02   1.26373000E+02   1.24578068E+02   1.26731930E+02   1.25285722E+02
55803.4841508779   1.25976275E+02                -   1.26513807E+02   1.25736042E+02   1.26525915e+02   1.31647411E+02   1.49538987E+02   1.12307693E+01          125.679         0.796421   1.31801038E+02   1.26691337E+02   1.24862350E+02   1.27110250E+02   1.25611732E+02
62708.8811734623   1.26295801E+02                -   1.26805373E+02   1.26054940E+02   1.26813512e+02   1.32095627E+02   1.59250863E+02   1.79643770E+00          125.996          0.79979   1.32279582E+02   1.27006561E+02   1.25136156E+02   1.27482500E+02   1.25929006E+02
70468.7859165787   1.26606155E+02                -   1.27071226E+02   1.26365397E+02   1.27093152e+02   1.32540600E+02   1.60423684E+02   1.08583912E+00          126.304         0.803107   1.32751207E+02   1.27313323E+02   1.25376348E+02   1.27855595E+02   1.26237849E+02
79188.9393596469   1.26908614E+02                -   1.27349117E+02   1.26667705E+02   1.27916119e+02   1.32974623E+02   1.60642976E+02   9.72941680E-01          126.604         0.806327   1.33209818E+02   1.27611431E+02   1.25658790E+02   1.28209919E+02   1.26538553E+02
88988.1673898758   1.27202993E+02                -   1.27609683E+02   1.26962139E+02   1.28476543e+02   1.33402687E+02   1.59671757E+02   1.79935200E+00          126.896         0.809448   1.33667834E+02   1.27894080E+02   1.25941977E+02   1.28556753E+02   1.26831394E+02
99999.9999929771   1.27489568E+02                -   1.27719770E+02   1.27248966E+02   1.28428023e+02   1.33831150E+02   1.32400769E+02   8.79741506E+01          127.181         0.812572   1.34116656E+02   1.28178782E+02   1.25903350E+02   1.28924997E+02   1.27116639E+02
