173.33999999999995	84.38447315615537	6.08405611605715
192.71572168031705	86.26056199542853	4.005088522357648
214.25723654531785	88.03672339802124	2.6030760411180807
238.2066341644245	89.72142530936411	1.6936560391213589
264.8330645669569	91.32208370535028	1.195770227667745
294.4357630254478	92.84523736318705	1.0825179290918014
327.34741294533256	94.29668662111126	1.0126551071659775
363.93788465411643	95.68160481964482	0.9222147581498433
404.6183921075689	97.00462880179242	0.84857837124421
449.84611422718166	98.26993311980911	0.7925444971383172
500.1293328047629	99.48129142719928	0.7496718264617585
556.0331447153881	100.64228245440547	0.7173112935153455
618.1858126341417	101.75573717037395	0.6933554220125245
687.2858256277946	102.82459663585827	0.6760373098645772
764.109748970307	103.8515169190106	0.6640037904894541
849.5209514005915	104.8388782366069	0.6559925791029088
944.4793079018948	105.7889243795948	0.6512485607363431
1050.051987045345	106.70363896465162	0.6489571755235574
1167.4254441288488	107.58487478270331	0.6486728729273722
1297.918754893594	108.43444652931957	0.6497993037025879
1442.99843966619	109.25401948973428	0.652092123368044
1604.2949445242953	110.04496853544669	0.6551731431758668
1783.6209647056874	110.80865718964083	0.658903795593028
1982.9918161843755	111.54643163374983	0.6630264330985881
2204.648084355225	112.2596137662089	0.6674005944339229
2451.080804359325	112.94933556922811	0.6720409567271958
2725.059456033688	113.61661555229165	0.6768811383369041
3029.663088100289	114.26241205769216	0.6817487857030585
3368.3149213768593	114.88787366620512	0.6866074508239933
3744.8208198899424	115.49376633762525	0.6916320721706711
4163.412062239336	116.08091630504596	0.6967378821457914
4628.7928938905625	116.65014480525488	0.701813521769617
5146.193394801224	117.20224689655953	0.7066179511113774
5721.42825652243	117.73781741029016	0.7115217737485239
6360.962129328935	118.257651239734	0.7163969251814507
7071.982273767112	118.7622550314	0.7211732092268704
7862.47933309933	119.25237876218297	0.7257111776869266
8741.337134388006	119.72841113283894	0.7303014637584312
9718.432527428973	120.1909848061846	0.7348207789105402
10804.746383552216	120.64064758436396	0.7391910692019877
12012.4870017253	121.07784849308932	0.7434212278344404
13355.227308831878	121.50301267584437	0.7476657886376131
14848.05739602061	121.9167013585855	0.7518371855395799
16507.75410537028	122.31931112708054	0.7558469966831979
18352.969572733633	122.7111121361511	0.7597962055077773
20404.44084565744	123.09256042149187	0.7637266891578435
22685.22293212309	123.4640161322082	0.7675808806053169
25220.947899174855	123.82579723718781	0.7712471087835354
28040.112933259283	124.17831939328875	0.7748739045945939
31174.40059957685	124.52175924138693	0.7784388670957526
34659.03489961208	124.85653776029054	0.7819158762571817
38533.17712831456	125.18291118940776	0.78521752194751
42840.36597968506	125.50114808439399	0.7885173828050768
47629.00684679773	125.81154834454857	0.7917564132430158
52952.91581514595	126.11428094784063	0.7949102270853899
58871.92446286432	126.40971215086867	0.7979656886871936
65452.55226473995	126.69795132438243	0.8010156863336079
72768.754156675	126.97930647919384	0.8040070788942103
80902.75166194278	127.25395883780386	0.806898875267359
89945.95691966535	127.52207888968779	0.8097375996368413
100000.00000000001	127.78395231842855	0.8125724623403926