500.	99.53672997052934	0.16668434453282543	98.95909109743883	0.6557568944085119
515.2052789556263	99.86676702070734	0.1696957141954698	99.28710683684935	0.6429100042438165
530.8729589274893	100.19382184531025	0.1726821138188086	99.6111968579285	0.631065751351187
547.0171017884718	100.51862987438825	0.17564677939185458	99.93143196909597	0.6201555681617492
563.6521970408555	100.84079162315557	0.17860431788720632	100.24788113221126	0.6101155600800041
580.7931748207712	101.16028964841081	0.18154773565801463	100.56061151890567	0.6008862221976585
598.4554192981184	101.47723335728129	0.18448518452066764	100.86968858920149	0.5924120983955135
616.6547824839868	101.7913660087254	0.1874049908417419	101.17517613370885	0.5846415173251245
635.4075984579669	102.10279915950974	0.19031608226386254	101.4771363521951	0.577526322761571
654.7306980281228	102.41152622499315	0.1932198537693779	101.7756298853832	0.5710216265115804
674.6414238367818	102.71754340377753	0.19611755454484125	102.07071589526156	0.5650855584810159
695.1576459257001	103.02084921193308	0.1990102983844082	102.36245208453701	0.559679114780252
716.2977777745734	103.32144422352424	0.20189907509313798	102.65089477023392	0.5547659225475599
738.0807928272886	103.61933126177331	0.20478476189821038	102.9360989165838	0.550312059894793
760.5262415207461	103.91451537709551	0.20766813225510816	103.21811818052332	0.5462858696462263
783.6542688315399	104.2070034660536	0.21054986341378878	103.49700496030319	0.5426578712548888
807.4856323562417	104.49680388643023	0.21343054378168347	103.77281043216878	0.5394005287592449
832.0417209415157	104.78392698713246	0.21631068321946145	104.0455845793443	0.5364881635267693
857.3445738807857	105.06838465710337	0.21919071649695354	104.3153762430433	0.5338968492883396
883.4169006946855	105.35018985809444	0.2220710097901133	104.58223316315143	0.5316042281197042
910.2821015130403	105.62932997613862	0.22495137194356118	104.84620198190686	0.5295894645452108
937.9642880766793	105.90590233315834	0.227833538663333	105.10732831408315	0.5278331066219266
966.4883053779218	106.17984218941017	0.2307162172552495	105.36567958162777	0.5266411463355354
995.8797539591656	106.45119437077018	0.23360005026229658	105.62125051604627	0.5248720127734572
1026.1650128895844	106.7201087391066	0.23648617387925697	105.87411471475471	0.5239405971137927
1057.3712634405645	106.98634534683094	0.239372527133213	106.12442949613605	0.522925506070024
1089.5265134811182	107.25005269506376	0.24226022610774578	106.37198207642493	0.5222286739329149
1122.6596226151805	107.5112910505219	0.24511191543315647	106.61694667424793	0.5217876834514925
1156.8003280833443	107.77000142614509	0.24800399188039535	106.85936205027166	0.5212011391495679
1191.9792714522787	108.02624713987541	0.25089722004260295	107.09926643671105	0.5211444139197994
1228.228026115791	108.28005054950769	0.2537915135152815	107.33669728021295	0.5210277957500296
1265.5791256322084	108.53143373364331	0.2566867574488896	107.57169124292778	0.5210328316503166
1304.0660929235191	108.7804219272404	0.2595828364321022	107.80428423151459	0.521152219316221
1343.7234703624706	109.02665323482545	0.2624771874083933	108.03451144414655	0.5213769328267546
1384.5868507746377	109.27091709649714	0.2653744714332902	108.26240730937843	0.5216991303498872
1426.6929093832784	109.5128568463105	0.26827209032418864	108.48800563696693	0.5221113765835668
1470.079436725652	109.75249525074933	0.27117165346385264	108.71133950888654	0.5226068315252945
1514.785372570339	109.98985629407566	0.27406926983827873	108.93244137261	0.5231790478623282
1560.8508408660075	110.22496431244369	0.27696659612641383	109.1513430231828	0.523822050349736
1608.3171857529903	110.45784363362063	0.27986340308667934	109.36807564595922	0.524530262235416
1657.2270086699941	110.68851793874012	0.2827594564526379	109.58266979656936	0.5252984638479035
1707.6242065892445	110.91701179906471	0.2856545106846369	109.79515546436117	0.5261218070766347
1759.5540114143837	111.14334942972	0.2885483179091892	110.00556205357341	0.5269957463412709
1813.0630305764773	111.36755502199354	0.29144062426706796	110.21391839577386	0.5279160909393568
1868.199288864574	111.58965235790227	0.29433233105520173	110.42025278308718	0.52887884962729
1925.0122715283512	111.80966519121982	0.29721969245036917	110.62459298159888	0.5298804011979712
1983.5529686915359	112.02761777083353	0.3001059290485699	110.82696621792743	0.5309173056410827
2043.8739211159666	112.24392459768777	0.30299163874586554	111.02739922369364	0.5319863784390719
2106.029267357362	112.45782494667775	0.30587246457756123	111.22591823082469	0.533084652783586
2170.0747923551266	112.66973743169596	0.3087502127309847	111.42254898634006	0.5342093534701604
2236.067977499791	112.87968062022927	0.31162459552892585	111.61731677444247	0.5353579155189152
2304.0680522230455	113.08768955734062	0.31445619981981565	111.81024640498472	0.5365279323053045
2374.136047156642	113.29381362563156	0.31732082335201994	112.0013622469925	0.5377171743851505
2446.3348489078903	113.49798381386594	0.3201813262364368	112.19068822767815	0.5389235655426461
2520.7292565009193	113.70028858451501	0.32303740171178674	112.37846120639385	0.5399318109297582
2597.386039534329	113.90072806150586	0.32588868272280536	112.56406416803097	0.5413802010175317
2676.3739981074664	114.0993066798752	0.32873479605912337	112.7481598856277	0.5426269604007103
2757.764024569083	114.2961790629382	0.331576128162439	112.93055726408372	0.5438839104881197
2841.6291671438107	114.49122352178205	0.3344117354157987	113.11127817673511	0.5451496144887074
2928.0446954935414	114.68449438261872	0.3372415334679886	113.2902646335134	0.5465022123050858
3017.0881682725835	114.87601685473153	0.34006528728033913	113.46777624764354	0.5478791816800737
3108.839502737192	115.06581218794227	0.34288276021821673	113.64359528814222	0.5489862624250463
3203.3810464719704	115.25390148002377	0.34569354507462435	113.81782167239936	0.5502744487721429
3300.797651297515	115.44030620961293	0.3484977354587073	113.99047543862723	0.5515655980015168
3401.1767494256246	115.62504649364884	0.3512949445455007	114.161576323072	0.552858750459535
3504.6084319304377	115.80814050307323	0.35408491179897794	114.33114369733023	0.554153070983304
3611.185529605923	115.98961461701246	0.3568674527577542	114.49919662477181	0.5554477638588367
3721.0036962822805	116.16947723920248	0.3596423300561753	114.6657538404137	0.556742114825596
3834.161494676058	116.34775377338191	0.3624092126989069	114.83083378217668	0.5580354268467289
3950.7604848509977	116.52444925243735	0.36516803029684297	114.99445456073545	0.5593271023386563
4070.905315369048	116.69963630083132	0.3679187695354358	115.15663401328477	0.5606165394683273
4194.703817213302	116.87321757046334	0.37066045710554363	115.31738966521162	0.5619032400045398
4322.26710056722	117.04548842765404	0.3733944821476456	115.47673876255585	0.5631867020381094
4453.709654536921	117.2155917793222	0.3761176439284384	115.63469827609484	0.5644664673660458
4589.14944990612	117.38479122331829	0.3788400904718259	115.7912848969855	0.565742142655381
4728.708045015884	117.58163643987402	0.42932650207063716	115.94651504472034	0.5670133463221845
4872.510694864245	117.72111096440082	0.37308798846015634	116.10040488441244	0.568279728413458
5020.68646352361	117.88728010918796	0.3869843832875972	116.25297032482636	0.5695409755759187
5173.368339976837	118.0467012934161	0.38959376896330866	116.40422701537064	0.5707968061814768
5330.693357475944	118.20895461034225	0.392273198400801	116.55419035547757	0.5720469550059448
5492.802716530593	118.37019244768747	0.39492658698449645	116.70287551463309	0.5732911816653967
5659.841911636733	118.52924814819545	0.3975745637910961	116.85029741400086	0.5745292706367451
5831.960861859095	118.68728482358753	0.4002099753655699	116.9964707564411	0.5757610261614445
6009.314045384819	118.84383493451791	0.40283640260258835	117.14141000252353	0.5769862724578729
6192.060638168899	118.99897502447696	0.4054512684519125	117.2851293932808	0.5782048643266791
6380.3646567959195	119.15322208295602	0.40805726034604106	117.42764295340982	0.5794166557418521
6574.395105686321	119.30589971523854	0.4106512279519734	117.56896450098138	0.5806215092613485
6774.32612877925	119.45743090733532	0.4132346334720012	117.7091076271078	0.5818193333683723
6980.337165828201	119.60764467613853	0.4158055661395963	117.84808573238236	0.5830100133739222
7192.613113449689	119.75658278261108	0.41836665247788574	117.9859120004301	0.5841934813405487
7411.344491069486	119.90437822553274	0.42091531285427664	118.1225994397286	0.5853696525641539
7636.727611915395	120.05098481186106	0.4234931713433667	118.25816083789958	0.5865384693539113
7868.964759210011	120.19634591593987	0.42602043706176573	118.39260880772078	0.5876998809076639
8108.264367721573	120.34051489914607	0.4285364256008819	118.52595577127283	0.5888538445814646
8354.841210835913	120.48351238358585	0.43104007702505953	118.6582139674106	0.5900003320314227
8608.916593317359	120.62540708785673	0.4335325981787008	118.78939545044784	0.5911393079590113
8870.718549931576	120.76610869894819	0.4360137700953288	118.91951211373981	0.5922707553703503
9140.482050108692	120.90577622649593	0.43848182513455924	119.04857565554254	0.5933946693884593
9418.449208830289	121.04424841259895	0.4409375514166669	119.17659761838948	0.5945110411266228
9704.86950392961	121.18167364594302	0.44338143751295434	119.30358938007136	0.5956198692457093
10000.	121.31799166839671	0.44581419154540924	119.42956213735448	0.596721161907567