500.	115.67588658075383	0.8332595053983596	115.64894067047885	3.510129620719553
515.2052789556263	115.92541585532464	0.8355970347452484	115.82262380215617	3.308829457908544
530.8729589274893	116.1637535216784	0.8381872594332123	115.99473160333507	3.1212021010733366
547.0171017884718	116.39225041294694	0.841010724006594	116.16528344826162	2.946337117172618
563.6521970408555	116.61201588330002	1.1554432115068352	116.33429840369341	2.7833825974796014
580.7931748207712	118.13563367559267	2.1589443207119103	116.50179532100631	2.631541573954223
598.4554192981184	118.40378198588161	2.225588653824346	116.4786538226277	2.4855499036687547
616.6547824839868	118.66907965229426	2.295931814936381	116.72397539054073	2.3532094605962612
635.4075984579669	118.93289367472613	2.370770402093356	116.96085161617746	2.2299460701367764
654.7306980281228	119.19651102477914	1.1891077958307505	117.1918056977215	2.1151216269547035
674.6414238367818	119.46117816251777	1.2232098737069492	117.41895648755035	2.008145186835648
695.1576459257001	118.79237754524057	0.45772796865807663	117.06043315315075	2.4921829943908733
716.2977777745734	119.01098982093409	0.476395870810407	117.2330214121687	1.8246401381489363
738.0807928272886	119.22487465156455	0.4775357679450991	117.40293292416665	1.7382943999486713
760.5262415207461	119.43438729553216	0.4785786847251927	117.57035492115172	1.6579123125860917
783.6542688315399	119.63983695993447	0.4795406160640425	117.7354461097897	1.5830868507113962
807.4856323562417	119.84149452438743	0.48043489409342044	117.89834201748494	1.5134386689425554
832.0417209415157	120.03959828881429	0.481272656313692	118.05915932414467	1.4486142491293066
857.3445738807857	120.23435925079964	0.48206323389057104	118.21799925958666	1.3882841490249405
883.4169006946855	120.42596509062274	0.4828144622510706	118.37495029365681	1.3321413123381234
910.2821015130403	120.61458371104924	0.4835329394626484	118.53009037924876	1.2798996229262514
937.9642880766793	120.80036565029668	0.4842242318076586	118.68348851305778	1.2312924424373222
966.4883053779218	120.98348894341613	0.4848507856253832	118.8352063305954	1.1860712968408933
995.8797539591656	121.16399444784926	0.4854988319140858	118.98529916540315	1.1440046526382304
1026.1650128895844	121.34203409354569	0.48613175529190755	119.13381700281198	1.10487678517039
1057.3712634405645	121.5177097266948	0.48675248709606933	119.28080527007742	1.0684866574652148
1089.5265134811182	121.6911146275149	0.4873635576747972	119.4263054054808	1.0346469850482407
1122.6596226151805	121.86233468665567	0.4879671687159117	119.57035569455083	1.0031832526846642
1156.8003280833443	122.03124388754851	0.48877023805845	119.71299114687467	0.9739328588429998
1191.9792714522787	122.19832094412051	0.4893684026546481	119.85424438740971	0.9467443351242792
1228.228026115791	122.36343177374987	0.4899651580913371	119.99414589746198	0.9214765357641426
1265.5791256322084	122.52663841373743	0.4905626329955055	120.13272395134405	0.8979979809972036
1304.0660929235191	122.68791230004244	0.49123973087229444	120.27000523273999	0.876186169761695
1343.7234703624706	122.8478067133725	0.4915262350254608	120.40601482245707	0.8559269873750992
1384.5868507746377	123.00540057594083	0.49236884912497203	120.54077643082147	0.8371141055187223
1426.6929093832784	123.16156985391433	0.49294955020123155	120.67431251475328	0.8196484842621885
1470.079436725652	123.31608383808633	0.4935439396755328	120.80664442886692	0.8034378366896391
1514.785372570339	123.4689914154975	0.49414633076432324	120.93779250606735	0.7883962111779823
1560.8508408660075	123.6203343971382	0.49475725958011196	121.06777618116416	0.7744435054894154
1608.3171857529903	123.77028854410787	0.4953752659123012	121.19661403812384	0.7615051228778782
1657.2270086699941	123.91861656278533	0.4960006832926922	121.32432391866877	0.7495115571956887
1707.6242065892445	124.05845852887585	0.49656070821401954	121.45092293189997	0.7383980428137846
1759.5540114143837	124.20383757836446	0.49720415526778083	121.5764276818533	0.728104254471134
1813.0630305764773	124.35498295272814	0.49793485354344114	121.70085397155935	0.7185739957933208
1868.199288864574	124.49767767919921	0.4985933834239802	121.82421720961797	0.7097548983331166
1925.0122715283512	124.63902966253806	0.49926722984720584	121.94653225667614	0.7015981725953679
1983.5529686915359	124.7789236848407	0.499951482149541	122.06781349976882	0.6940583776670763
2043.8739211159666	124.91767906959993	0.5006479246373772	122.18807489069185	0.6870931628088499
2106.029267357362	125.05517345468783	0.5013565640078497	122.30732997396854	0.6806630791204356
2170.0747923551266	125.19117175362697	0.5023361409110976	122.42559183613362	0.6747313623828433
2236.067977499791	125.32622391791256	0.5030590875856973	122.54287347797158	0.6692637651391635
2304.0680522230455	125.46008120025776	0.5037957788353822	122.65918714955194	0.6642283853197455
2374.136047156642	125.59276405351886	0.5045468069428978	122.77454505611541	0.6595954802135537
2446.3348489078903	125.7242924199958	0.505311977149077	122.88895902057018	0.6553373539551046
2520.7292565009193	125.85468513712256	0.5060915265129609	123.00244059631373	0.6514281929147643
2597.386039534329	125.98396039571303	0.5068856785690059	123.11500104986499	0.6478439426802396
2676.3739981074664	126.11213600385022	0.5076954435467229	123.22665138950988	0.6445621947919875
2757.764024569083	126.23922888972565	0.5085198707309218	123.3374023927393	0.6415620584479882
2841.6291671438107	126.36525674346532	0.5093570806257901	123.44726457511457	0.6388240885868015
2928.0446954935414	126.49022818767558	0.5102156700282023	123.55624822601392	0.6363301344239005
3017.0881682725835	126.61421552504086	0.5110465580332146	123.66436352744837	0.6340633137417058
3108.839502737192	126.73436592774685	0.5139746554694398	123.77162026668306	0.6320078788395449
3203.3810464719704	126.85903958158909	0.5125557342827278	123.87802817580167	0.6301491505066394
3300.797651297515	126.979912163865	0.5138502824880078	123.98359675713475	0.6284734487007597
3401.1767494256246	127.09988178238486	0.5147628990648201	124.08833532249722	0.6269680547496534
3504.6084319304377	127.21886346254016	0.5157173373609965	124.19225302614011	0.6256210772232862
3611.185529605923	127.33689445442455	0.5166774283454174	124.29535884408128	0.6244214580382845
3721.0036962822805	127.4539856548839	0.5176571129578491	124.39766156700324	0.6233588850949161
3834.161494676058	127.57015219400309	0.5186500215561551	124.49916994231354	0.622423740830655
3950.7604848509977	127.6854025864083	0.5196571561636603	124.59989240668715	0.6216070742313775
4070.905315369048	127.79975044023338	0.520678905675183	124.69983729479245	0.6209005429050904
4194.703817213302	127.913206980394	0.5217135571400036	124.79901297619695	0.6202963721369201
4322.26710056722	128.02578292504302	0.5227651614515594	124.8974274124132	0.6197872954746373
4453.709654536921	128.13748471135884	0.5238286651420481	124.99508856477301	0.619366581685739
4589.14944990612	128.24833586865535	0.5249045633490539	125.09200435743809	0.6190279224885273
4728.708045015884	128.35831968292007	0.5260125384321839	125.18818240875059	0.6187654643041895
4872.510694864245	128.46749970044456	0.5270411177546066	125.28363032989603	0.6185736970941917
5020.68646352361	128.70362762787116	0.5681149018527378	125.3783555881031	0.618447622519696
5173.368339976837	128.6825650901422	0.5293760202180522	125.47236550757667	0.6183824131230153
5330.693357475944	128.7900039039828	0.5305085068704898	125.56566750540068	0.6183735779736139
5492.802716530593	128.89597686327085	0.5316088558303136	125.65826849685051	0.6184172046337011
5659.841911636733	129.0010736203204	0.5327823458813725	125.75017556575906	0.618509297169382
5831.960861859095	129.10539607522932	0.533964209241077	125.84139573264063	0.6186462829128487
6009.314045384819	129.20896174357316	0.5351451263778699	125.93193585026286	0.618824837181549
6192.060638168899	129.31175756309605	0.5363400851385336	126.02180246850976	0.6190418701474556
6380.3646567959195	129.41380109127965	0.5375428213902183	126.11100237168537	0.6192946274173465
6574.395105686321	129.51509650116265	0.5387575414440562	126.19954210151768	0.6195800052348233
6774.32612877925	129.6156572467206	0.5398486291233837	126.287427992579	0.6198962032741377
6980.337165828201	129.71548707152377	0.5410809020301031	126.37466687450416	0.6202396092293725
7192.613113449689	129.81459683916296	0.5423215268434092	126.46126431244602	0.6206095963684248
7411.344491069486	129.91299188634602	0.5435701399516972	126.54722697993061	0.621003167615541
7636.727611915395	130.01068072334937	0.5448640095458188	126.6325608593341	0.62141854502093
7868.964759210011	130.10767279628755	0.5461256117446283	126.71727204521981	0.6218545064614034
8108.264367721573	130.20397456279485	0.5473942131675642	126.80136652281041	0.6223084313357958
8354.841210835913	130.29959413616268	0.5486694554647329	126.88484998520715	0.6227794608087862
8608.916593317359	130.39453863881624	0.5499509868393204	126.96772813090425	0.6232668833928443
8870.718549931576	130.4888138389645	0.5512384362233149	127.05000751236773	0.6237678155229531
9140.482050108692	130.58243058455767	0.5525314444610672	127.1316931360837	0.6242805213329916
9418.449208830289	130.67539382569396	0.5538296854487612	127.21279010803464	0.6248067959685812
9704.86950392961	130.767709514355	0.5551327799982744	127.2933047506441	0.6253450488095922
10000.	130.85938738494346	0.5564404183901956	127.3732416322037	0.625890690554769