500.	116.79365677077877	0.8821815158480177	116.66308243124348	3.4816084419216935
515.2052789556263	117.03387546731088	0.8822452253833717	116.83281464218067	3.282028692725632
530.8729589274893	117.26343640881294	0.8827855305327716	117.00101014612414	3.0959997744887744
547.0171017884718	117.4836329491965	0.883748292378371	117.16768766469602	2.9226194501208482
563.6521970408555	117.69552557787442	1.1466498160424834	117.33286563398212	2.7610435029320683
580.7931748207712	119.19918712970117	2.1859523874227023	117.49656084624539	2.6104823435822198
598.4554192981184	119.45965852327112	2.250615801093616	117.45883042561991	2.465636362606986
616.6547824839868	119.71757794370627	2.319062240047856	117.70173216425871	2.3344267844138074
635.4075984579669	119.97427801465399	2.392068019330381	117.93587513760102	2.2122107209178097
654.7306980281228	120.23101381915752	1.2178025272981898	118.16384504773187	2.098356651783675
674.6414238367818	120.48900456326234	1.250751149494235	118.38780960492225	1.9922795305013636
695.1576459257001	119.82275789921621	0.47381140370619335	118.60968099351253	1.8933995230924694
716.2977777745734	120.03537019580313	0.48774662193531526	118.19886967247415	1.8102208408697749
738.0807928272886	120.24346204725254	0.4886766010965857	118.36544548894398	1.724580520850452
760.5262415207461	120.4473730507335	0.4895100365533551	118.52953949263713	1.6448518455322017
783.6542688315399	120.64739845695522	0.4902635536776643	118.69131537865772	1.5706314943643065
807.4856323562417	120.84379643575716	0.49095094965609576	118.85091109479623	1.5015436224958023
832.0417209415157	121.03679383762952	0.4915837024627905	119.00844520505616	1.4372379489556977
857.3445738807857	121.22658971503222	0.49217137318998994	119.16402045771386	1.3773880303190396
883.4169006946855	121.41336699693106	0.4927220104755463	119.31772516899446	1.321689638179663
910.2821015130403	121.59728064089283	0.4932422989505483	119.46964214278167	1.2698591971227842
937.9642880766793	121.77847456117514	0.49373787739578745	119.61983716752695	1.2216325288988088
966.4883053779218	121.95712096274454	0.4941700051829656	119.76837370436154	1.1767633981262406
995.8797539591656	122.13325163876893	0.49462735689897386	119.91530750694866	1.1350223452949564
1026.1650128895844	122.30701361515834	0.49507211875877033	120.06068880586564	1.0961955684263813
1057.3712634405645	122.47850308321603	0.4955072046263638	120.20456325918882	1.0600838423044934
1089.5265134811182	122.6476172308025	0.49612602715963305	120.3469689139978	1.0265015557906736
1122.6596226151805	122.81481926224691	0.4965485318325449	120.48795465781222	0.995275650971621
1156.8003280833443	122.97999218480624	0.49696810894303667	120.62754494046418	0.9662450530009608
1191.9792714522787	123.14320489041249	0.4973862284031867	120.76577345078645	0.9392596061232297
1228.228026115791	123.30452122759961	0.4978041319137674	120.90267791726367	0.9141793374540725
1265.5791256322084	123.4640001549905	0.4982235125545884	121.03827921371433	0.8908739697225201
1304.0660929235191	123.62169692043605	0.4986453118681595	121.17260631994529	0.8692220415084648
1343.7234703624706	123.77766287261328	0.4990706429807119	121.3056841933089	0.8491104080832486
1384.5868507746377	123.93194610652579	0.49950053092402413	121.43753638906075	0.8304336691919048
1426.6929093832784	124.08459167001057	0.49993607207260027	121.56818520789088	0.813093609209588
1470.079436725652	124.23564202132279	0.5003779157407138	121.69765179670354	0.796998736241818
1514.785372570339	124.38513704731047	0.5008267981760213	121.82595630792999	0.7820638170781251
1560.8508408660075	124.5332392511332	0.5012845192746767	121.95311800262611	0.7682094263180943
1608.3171857529903	124.67972975657344	0.5017642357510113	122.07915523046186	0.7553615805853582
1657.2270086699941	124.8178389108923	0.5021474310218679	122.20408571503347	0.7434513483211305
1707.6242065892445	124.96140059261441	0.5026329180594473	122.32792398696942	0.7324145209373825
1759.5540114143837	125.11066050183808	0.5032047362816883	122.45069326819655	0.722191235082974
1813.0630305764773	125.25154784106846	0.5037115978706055	122.5724023870506	0.7127257705856778
1868.199288864574	125.39110517073253	0.5042296195234854	122.6930687787609	0.7039661873617007
1925.0122715283512	125.5292243831887	0.5047592295901353	122.81270711367144	0.6958640888342842
1983.5529686915359	125.66619155144494	0.5052681880582526	122.93133154422907	0.6883743871130861
2043.8739211159666	125.80191551432078	0.5058591653433666	123.04895581801699	0.6814550855373653
2106.029267357362	125.93640140182038	0.5064291701531403	123.16559326128252	0.6750670351059256
2170.0747923551266	126.06967700456748	0.5070131865183214	123.28125252112717	0.6691737974641114
2236.067977499791	126.20176316530089	0.5076118186413225	123.39595911243404	0.6637413180827139
2304.0680522230455	126.33268028048104	0.5082250936425226	123.50971234275956	0.6587380106087153
2374.136047156642	126.46244772124287	0.5088533120661225	123.62252846448449	0.6541343437176153
2446.3348489078903	126.5910841268501	0.5094969145265082	123.73441909376182	0.6499028333627734
2520.7292565009193	126.71860752104979	0.5101562028993243	123.84539559627179	0.6460178604452409
2597.386039534329	126.84503541379645	0.5108308040860976	123.95546897095697	0.6424555661242124
2676.3739981074664	126.97038418226242	0.5115217452328125	124.06465011845306	0.6391936960522173
2757.764024569083	127.09467154696854	0.5122262168235778	124.17294957062381	0.6362115363179726
2841.6291671438107	127.21791529496434	0.5129415164399944	124.28037766853794	0.6334897626833822
2928.0446954935414	127.34006428545987	0.513724827100674	124.38694249757314	0.6310103942362701
3017.0881682725835	$Failed	$Failed	124.4926600111106	0.6287566263800528
3108.839502737192	127.58149011758975	0.5152490099777793	124.59753389758349	0.6267128622581879
3203.3810464719704	127.70070207744496	0.5160306311481406	124.70157561772518	0.6248645199644187
3300.797651297515	127.81892209428277	0.5168540173005027	124.8047945570723	0.623198036093882
3401.1767494256246	127.9361807660343	0.517681171657884	124.90719979021232	0.621700753481619
3504.6084319304377	128.05249263945768	0.5185168115080501	125.0088003437728	0.620360886220169
3611.185529605923	128.16786633697077	0.5193712515982725	125.10960498800152	0.6191674419551418
3721.0036962822805	128.28231600150835	0.5202413231234857	125.20962047568943	0.6181102014304258
3834.161494676058	128.39585138101154	0.5211276358651276	125.30886100061758	0.6171795888809157
3950.7604848509977	128.50848645535987	0.5220285677616232	125.40732919909684	0.6163667338605734
4070.905315369048	128.62023010331023	0.5229448400435217	125.50503255341636	0.6156633592119647
4194.703817213302	128.73090162060558	0.524069413297525	125.60198698618471	0.6150617096758282
4322.26710056722	128.84090232454903	0.5250081490464709	125.69819257383443	0.6145545941443515
4453.709654536921	128.95005090053192	0.5259553577118652	125.79365793993504	0.614135336645873
4589.14944990612	129.05835194484894	0.5268923730118615	125.88839610985916	0.6137976861083985
4728.708045015884	129.16557081242482	0.5281295347629111	125.98240933106737	0.6135357248697346
4872.510694864245	129.25776529932614	0.5289382010731174	126.07570671946868	0.6133441545577796
5020.68646352361	129.3782841144357	0.5298610311278935	126.16829567460422	0.6132178222882771
5173.368339976837	129.48320972945822	0.5309636842883663	126.2601833368623	0.6131520813350306
5330.693357475944	129.5872461630807	0.5318334041201354	126.35137686913498	0.6131424415768265
5492.802716530593	129.69086015173917	0.5330235352107024	126.4418832930803	0.6131848706622947
5659.841911636733	129.79348842002426	0.534083118707116	126.53170938592768	0.6132755623628299
5831.960861859095	129.89534546192635	0.5351573494880313	126.6208620176925	0.6134109007133048
6009.314045384819	129.99643717481882	0.5362409277973939	126.70934785084614	0.6135877014976074
6192.060638168899	130.09677502836655	0.537334823955149	126.79717342998553	0.6138027228946328
6380.3646567959195	130.1963640788253	0.5384412812333892	126.88434545631625	0.6140531858281122
6574.395105686321	130.29521510383833	0.539558695651067	126.97087006106034	0.614336431277934
6774.32612877925	130.3933351115454	0.5406857988437253	127.05675384499143	0.6146497261857604
6980.337165828201	130.4907328901388	0.5418227950507344	127.14200296763457	0.6149911041123772
7192.613113449689	130.58741540059418	0.5429685037561569	127.22662009283194	0.6153583961462772
7411.344491069486	130.68339102477924	0.5441630820949115	127.31062133438168	0.6157487935562784
7636.727611915395	130.77866849829633	0.5453243419387661	127.39400268483506	0.6161616309613578
7868.964759210011	130.87325312530092	0.5464937081172252	127.47677389884534	0.6165944227167728
8108.264367721573	130.96715492600518	0.5476701730607374	127.55894004825629	0.6170453217398375
8354.841210835913	131.06037880529354	0.5488570012663843	127.64050722791706	0.6175133947748179
8608.916593317359	131.1529332103492	0.5500493471032826	127.72148148740887	0.6179965803703595
8870.718549931576	131.24482611348864	0.5512489398117566	127.8018674900732	0.6184946538029834
9140.482050108692	131.33606497021506	0.5524523420006631	127.88167188803462	0.6190055886538914
9418.449208830289	131.42665352339435	0.5536654518341493	127.96089907517606	0.6195284348787595
9704.86950392961	131.51660259100385	0.5548812953826143	128.0395558936432	0.6200607179911231
10000.	131.60591749540438	0.5561038528499864	128.1176461500891	0.6206038608635254