500.	104.2783766311686	0.152725718892313	103.31819834383869	0.5917485936994069
515.2052789556263	104.57984305343105	0.15555468533395356	103.62314492175828	0.5821648177797414
530.8729589274893	104.87950671886837	0.15836770776121512	103.92450562761647	0.5733589266758372
547.0171017884718	105.17694918578864	0.16116349511507622	104.22234267583018	0.5652778925311424
563.6521970408555	105.47283729267392	0.16395184590061262	104.51671674372999	0.5578722512683925
580.7931748207712	105.76676260410993	0.16673094163556357	104.80768697624599	0.5510959136258009
598.4554192981184	106.05868201517498	0.16950258780326521	105.09531118578506	0.5449058964474887
616.6547824839868	106.34867848831522	0.1722710987893521	105.3796456198603	0.5392620965307202
635.4075984579669	106.63647549657303	0.17503246559058994	105.66074537285589	0.5341271197305133
654.7306980281228	106.92216079370912	0.17779072255297024	105.93866405715413	0.5294661084536756
674.6414238367818	107.20570720519017	0.1805470139881038	106.21345413228991	0.5252465182547468
695.1576459257001	107.48709128050413	0.18330235310128273	106.48516680853977	0.5214380082130106
716.2977777745734	107.76629242475734	0.18605763131704123	106.75385207606774	0.5180122569373822
738.0807928272886	108.04329352035907	0.18881363006916274	107.01955892602459	0.5149428561721123
760.5262415207461	108.31808076344464	0.19157103061886005	107.28233502222145	0.5122051553570799
783.6542688315399	108.59064289036937	0.1943304204977636	107.5422271036003	0.5097761580665292
807.4856323562417	108.86097094627969	0.1970923010042469	107.79928082403563	0.5076343982214127
832.0417209415157	109.1290590023615	0.19985709760732107	108.05354082670698	0.5057598544363486
857.3445738807857	109.39490331474181	0.20262516327822766	108.30505078123453	0.5041338212704716
883.4169006946855	109.65850201578063	0.20539678478748158	108.5538533700069	0.5027388662101941
910.2821015130403	109.91985523927414	0.20817218911282964	108.79999044927173	0.5015587233150427
937.9642880766793	110.17896526130913	0.21095154939742145	109.04350284879152	0.5005781717760414
966.4883053779218	110.43583598753001	0.2137349879296977	109.28443060653731	0.49978305064757933
995.8797539591656	110.6904726634084	0.2165225804664601	109.52283325342414	0.49916244840164836
1026.1650128895844	110.94300781680734	0.21931544912844458	109.75870963561896	0.4985554179608158
1057.3712634405645	111.19320058953349	0.22211135702578133	109.99224333459438	0.49811985379353985
1089.5265134811182	111.44118379660175	0.22491140945132315	110.22320505822022	0.4982065797992874
1122.6596226151805	111.68696748603607	0.22771553381419096	110.45166599057336	0.4983781075565048
1156.8003280833443	111.93056312165635	0.230523682132187	110.67797571325958	0.4982250991407824
1191.9792714522787	112.17198329751332	0.2333355734810283	110.90185421448957	0.4984030316546608
1228.228026115791	112.4112406300761	0.2361512099274563	111.12344063569836	0.49868197303094064
1265.5791256322084	112.64834830525213	0.2389722731649755	111.34276777470588	0.4990545483182842
1304.0660929235191	112.8833191199463	0.24179482736724367	111.55986816724288	0.49951363955104
1343.7234703624706	$Failed	$Failed	111.7747736507049	0.500052616754985
1384.5868507746377	113.34657116364974	0.24744642343642909	111.98751546473956	0.5006652988374327
1426.6929093832784	113.5752787816685	0.2502778474279239	112.1981242249852	0.50134590602093
1470.079436725652	113.80190438324718	0.2531116081220546	112.40662996637849	0.502089062928647
1514.785372570339	114.02647489862314	0.2559475084725733	112.6130621398464	0.5028897429965156
1560.8508408660075	114.24901021054053	0.25878529509434145	112.81744964310968	0.5037432502714836
1608.3171857529903	114.46952941964466	0.26162469844261693	113.01982081960581	0.5046452341548076
1657.2270086699941	114.68805119995093	0.2644654374180533	113.22020348780056	0.5055916173983093
1707.6242065892445	114.90459379116258	0.267307222220424	113.41862489158129	0.5065785978562758
1759.5540114143837	115.11917610457387	0.27014976029074944	113.61511136677727	0.5076032088812354
1813.0630305764773	115.33181731014267	0.272992754995272	113.80969080131362	0.5086604323922899
1868.199288864574	115.54253603545706	0.2758359039631557	114.00238731686962	0.5097601780718577
1925.0122715283512	115.75135113420757	0.2786789029192249	114.193226819284	0.5108457918706506
1983.5529686915359	115.95828194969796	0.28152144761708087	114.38223420355136	0.512006669407512
2043.8739211159666	116.16334757162481	0.2843632316868252	114.56943383052717	0.5131708204122845
2106.029267357362	116.366943639613	0.2871795246083053	114.75484974407551	0.5143553061122788
2170.0747923551266	116.56833427861207	0.2900200087764233	114.93850540117212	0.5155579801548669
2236.067977499791	116.76791763857368	0.2928587624117398	115.12042415751277	0.5167768647069693
2304.0680522230455	116.96570851866599	0.29569547586991973	115.30062852134606	0.51801006558496
2374.136047156642	117.1616665471751	0.2984873250843805	115.47914088182877	0.5192558668038885
2446.3348489078903	117.35603898065963	0.30131756397857146	115.65598318493485	0.5205126535610844
2520.7292565009193	117.54859502776429	0.30414441164025163	115.83117697519747	0.5217789167018196
2597.386039534329	117.73942446776084	0.306967782536546	116.00474343411553	0.5230534307328298
2676.3739981074664	117.92855792922126	0.3097875463168549	116.17670337030478	0.5243344376007144
2757.764024569083	118.11601610314737	0.31260345066007744	116.34707724635301	0.5256211855350585
2841.6291671438107	118.30181631878696	0.3154152090328779	116.51588516971854	0.5269124264115135
2928.0446954935414	118.4859768565636	0.3182225302867323	116.68317889934639	0.5281750741969091
3017.0881682725835	118.66851588701171	0.3210251406686808	116.84888188139992	0.5295042828614669
3108.839502737192	118.84945176180979	0.3238227757191794	117.01310921168309	0.5308030681731282
3203.3810464719704	119.02880149756587	0.3266151558304671	117.17584767820954	0.5324120714953011
3300.797651297515	119.20658356331079	0.3294020257503263	117.33711576006718	0.5334022116448693
3401.1767494256246	119.38281656952496	0.33218299897067993	117.49693162269249	0.5347011198617082
3504.6084319304377	119.55751404133488	0.33495808191852916	117.65531312904027	0.5359987000022244
3611.185529605923	119.7306979717735	0.33772684058371283	117.81227786727051	0.5372943479599854
3721.0036962822805	119.90238140159904	0.34048920079897016	117.96784308545476	0.5385875173991224
3834.161494676058	120.07258815036396	0.3432447868425328	118.12202589240776	0.5398777050907597
3950.7604848509977	120.24132082731013	0.3459931033805219	118.27499278533001	0.5410145742807231
4070.905315369048	120.4086107637913	0.34873448863703516	118.42631062732757	0.542447283137065
4194.703817213302	120.5744679417626	0.35146773331911163	118.57644534653721	0.5437258487560399
4322.26710056722	120.73878938098028	0.35419372740781796	118.72526288446291	0.544999770772364
4453.709654536921	120.90200310191705	0.35691137109199644	118.87277894672425	0.5462687183866848
4589.14944990612	121.06219577101385	0.35960931733676205	119.01900906427424	0.5475323960495047
4728.708045015884	121.22591646938844	0.3616190465687765	119.16396834368831	0.5487905212627311
4872.510694864245	$Failed	$Failed	119.30767178118752	0.5500428494289906
5020.68646352361	121.54631544047027	0.367700997926633	119.45013410058384	0.5512891487000928
5173.368339976837	121.69721500391185	0.3703599815637517	119.59136980416761	0.5525292120182712
5330.693357475944	121.85162255344822	0.37304533896428893	119.73139316621904	0.5537628614274297
5492.802716530593	122.0054324493228	0.3757038793597758	119.87021824566365	0.554989916526992
5659.841911636733	122.15776445688847	0.37835243113585193	120.00785887778773	0.5562102427061859
5831.960861859095	122.30891125030949	0.38099293162674996	120.14432869295837	0.5574236957805709
6009.314045384819	122.45888173401106	0.3836221153918018	120.27964111730164	0.5586301620330261
6192.060638168899	122.6073956490527	0.3862410547121584	120.41380937216742	0.559829536082475
6380.3646567959195	122.75501588234917	0.388848555081978	120.54684647142932	0.5610217441900005
6574.395105686321	122.9011880614737	0.39144975496513723	120.67876524874083	0.5622066735055142
6774.32612877925	123.0461795939489	0.39403766645911276	120.80957833429655	0.5633842800684761
6980.337165828201	123.1900724976169	0.39661633234835847	120.93929817549544	0.5645545073159894
7192.613113449689	123.33279263775069	0.39918483227856427	121.06793697874352	0.5657172972581037
7411.344491069486	123.47432501217416	0.40174187391328076	121.19550699261832	0.5668726203770547
7636.727611915395	123.61470888222387	0.40428812595055774	121.32201995718881	0.5680204336879484
7868.964759210011	123.75400882682743	0.4068667483866335	121.44748765782525	0.5691607256021882
8108.264367721573	123.89220220131706	0.4093930372171428	121.57192165226579	0.5702934776279847
8354.841210835913	124.02927992848356	0.41190852817200607	121.69533333042112	0.5714186907389234
8608.916593317359	124.16527268618044	0.4144124671184386	121.81773392161979	0.5725363459336705
8870.718549931576	124.30011561979703	0.4169051980191938	121.93913449714117	0.5736464490930047
9140.482050108692	124.43396465271151	0.4193869449197223	122.05954595296788	0.5747490222669995
9418.449208830289	$Failed	$Failed	122.17897904479099	0.5758440709685715
9704.86950392961	$Failed	$Failed	122.29744437666206	0.5769316015368275
10000.	$Failed	$Failed	122.41495239239295	0.5780116437297238