# SOFTSUSY 4.1.1
# MS/GeV     mh           DMh(all)     DMh(Q_pole)  DMh(Q_match) DMh(Mt)      DMh(alpha_s) DMh(alpha_em)
5.000000e+02 1.179979e+02 1.764360e+00 1.217345e+00 1.174129e-01 3.814003e-01 4.819379e-02 7.280622e-06
5.152053e+02 1.182926e+02 1.599156e+00 1.032090e+00 1.192477e-01 3.969844e-01 5.082600e-02 7.713611e-06
5.308730e+02 1.185746e+02 1.546910e+00 9.602650e-01 1.208161e-01 4.123414e-01 5.347971e-02 8.004852e-06
5.470171e+02 1.188469e+02 1.743091e+00 1.137183e+00 1.221804e-01 4.275610e-01 5.615817e-02 8.428227e-06
5.636522e+02 1.191118e+02 1.762064e+00 1.137103e+00 1.233809e-01 4.427082e-01 5.886262e-02 8.819099e-06
5.807932e+02 1.193712e+02 1.785606e+00 1.141721e+00 1.244541e-01 4.578302e-01 6.159162e-02 9.321514e-06
5.984554e+02 1.196267e+02 1.814168e+00 1.151424e+00 1.254318e-01 4.729600e-01 6.434290e-02 9.890305e-06
6.166548e+02 1.198798e+02 1.848217e+00 1.166630e+00 1.263412e-01 4.881226e-01 6.711229e-02 1.041759e-05
6.354076e+02 1.201318e+02 1.888255e+00 1.187809e+00 1.272048e-01 5.033355e-01 6.989457e-02 1.100332e-05
6.547307e+02 1.203839e+02 1.934846e+00 1.215497e+00 1.280444e-01 5.186108e-01 7.268233e-02 1.159070e-05
6.746414e+02 1.197723e+02 4.127858e+00 7.946007e-01 9.938606e-01 1.398936e+00 9.404476e-01 1.229560e-05
6.951576e+02 1.199856e+02 1.304306e+00 5.584772e-01 1.166346e-01 5.449249e-01 8.425643e-02 1.293596e-05
7.162978e+02 1.201940e+02 1.303041e+00 5.373440e-01 1.168461e-01 5.611387e-01 8.769856e-02 1.361216e-05
7.380808e+02 1.203979e+02 1.321138e+00 5.354456e-01 1.169729e-01 5.774908e-01 9.121454e-02 1.430703e-05
7.605262e+02 1.205975e+02 1.339504e+00 5.336746e-01 1.170205e-01 5.939890e-01 9.480467e-02 1.503541e-05
7.836543e+02 1.207932e+02 1.358146e+00 5.320267e-01 1.169951e-01 6.106398e-01 9.846914e-02 1.573122e-05
8.074856e+02 1.209853e+02 1.377072e+00 5.304967e-01 1.169015e-01 6.274488e-01 1.022082e-01 1.653481e-05
8.320417e+02 1.211739e+02 1.396283e+00 5.290795e-01 1.167435e-01 6.444207e-01 1.060217e-01 1.734585e-05
8.573446e+02 1.213593e+02 1.415782e+00 5.277696e-01 1.165255e-01 6.615595e-01 1.099097e-01 1.813242e-05
8.834169e+02 1.215417e+02 1.435572e+00 5.265618e-01 1.162506e-01 6.788689e-01 1.138719e-01 1.895064e-05
9.102821e+02 1.217212e+02 1.455652e+00 5.254509e-01 1.159216e-01 6.963517e-01 1.179080e-01 1.988312e-05
9.379643e+02 1.218980e+02 1.476023e+00 5.244315e-01 1.155418e-01 7.140106e-01 1.220179e-01 2.075387e-05
9.664883e+02 1.220722e+02 1.496727e+00 5.234988e-01 1.151131e-01 7.318929e-01 1.262008e-01 2.164974e-05
9.958798e+02 1.222439e+02 1.517591e+00 5.226044e-01 1.146380e-01 7.498691e-01 1.304572e-01 2.259867e-05
1.026165e+03 1.224133e+02 1.538825e+00 5.218288e-01 1.141187e-01 7.680688e-01 1.347849e-01 2.356957e-05
1.057371e+03 1.225803e+02 1.560343e+00 5.211261e-01 1.135569e-01 7.864517e-01 1.391838e-01 2.458794e-05
1.089527e+03 1.227452e+02 1.582145e+00 5.204923e-01 1.129544e-01 8.050192e-01 1.436533e-01 2.562186e-05
1.122660e+03 1.229079e+02 1.604228e+00 5.199237e-01 1.123128e-01 8.237722e-01 1.481925e-01 2.669467e-05
1.156800e+03 1.230686e+02 1.633906e+00 5.194165e-01 1.116336e-01 8.500281e-01 1.528003e-01 2.774054e-05
1.191979e+03 1.232274e+02 1.649229e+00 5.189675e-01 1.109182e-01 8.618388e-01 1.574758e-01 2.892636e-05
1.228228e+03 1.233842e+02 1.672143e+00 5.185736e-01 1.101679e-01 8.811529e-01 1.622187e-01 3.008000e-05
1.265579e+03 1.235392e+02 1.695329e+00 5.182320e-01 1.093837e-01 9.006556e-01 1.670266e-01 3.128258e-05
1.304066e+03 1.236925e+02 1.718785e+00 5.179398e-01 1.085670e-01 9.203470e-01 1.718989e-01 3.250368e-05
1.343723e+03 1.238440e+02 1.742509e+00 5.176948e-01 1.077186e-01 9.402274e-01 1.768341e-01 3.376372e-05
1.384587e+03 1.239938e+02 1.766497e+00 5.174946e-01 1.068397e-01 9.602969e-01 1.818309e-01 3.506547e-05
1.426693e+03 1.241419e+02 1.790748e+00 5.173364e-01 1.059311e-01 9.805558e-01 1.868879e-01 3.639087e-05
1.470079e+03 1.242885e+02 1.815259e+00 5.172198e-01 1.049937e-01 1.001004e+00 1.920036e-01 3.775553e-05
1.514785e+03 1.244335e+02 1.840027e+00 5.171423e-01 1.040274e-01 1.021642e+00 1.971763e-01 3.916337e-05
1.560851e+03 1.245772e+02 1.864966e+00 5.171036e-01 1.028902e-01 1.042452e+00 2.024803e-01 4.054825e-05
1.608317e+03 1.247192e+02 1.890242e+00 5.170997e-01 1.018694e-01 1.063467e+00 2.077638e-01 4.208253e-05
1.657227e+03 1.248598e+02 1.915768e+00 5.171305e-01 1.008232e-01 1.084672e+00 2.130993e-01 4.365020e-05
# 1.707624e+03 - - - - - - -
1.759554e+03 1.251367e+02 1.967559e+00 5.172917e-01 9.865593e-02 1.127647e+00 2.239175e-01 4.651375e-05
1.813063e+03 1.252730e+02 1.993877e+00 5.174199e-01 9.759487e-02 1.149418e+00 2.293962e-01 4.832063e-05
1.868199e+03 1.254081e+02 2.020377e+00 5.175786e-01 9.645361e-02 1.171376e+00 2.349189e-01 4.997460e-05
1.925012e+03 1.255417e+02 2.047191e+00 5.177659e-01 9.544564e-02 1.193537e+00 2.403905e-01 5.164757e-05
1.983553e+03 1.256742e+02 2.073942e+00 5.179831e-01 9.403760e-02 1.215870e+00 2.459973e-01 5.343595e-05
2.043874e+03 1.258054e+02 2.101365e+00 5.182284e-01 9.305457e-02 1.238390e+00 2.516364e-01 5.522075e-05
2.106029e+03 1.259354e+02 2.128791e+00 5.185012e-01 9.182672e-02 1.261096e+00 2.573101e-01 5.704651e-05
2.170075e+03 1.260642e+02 2.156441e+00 5.188009e-01 9.057784e-02 1.283987e+00 2.630160e-01 5.890972e-05
2.236068e+03 1.261917e+02 2.184362e+00 5.191267e-01 8.935953e-02 1.307064e+00 2.687516e-01 6.079412e-05
2.304068e+03 1.263182e+02 2.212333e+00 5.194783e-01 8.795285e-02 1.330325e+00 2.745140e-01 6.274416e-05
2.374136e+03 1.264434e+02 2.240634e+00 5.198550e-01 8.664279e-02 1.353770e+00 2.803009e-01 6.471842e-05
2.446335e+03 1.265675e+02 2.269145e+00 5.202564e-01 8.531348e-02 1.377399e+00 2.861092e-01 6.673260e-05
2.520729e+03 1.266905e+02 2.297863e+00 5.206820e-01 8.396540e-02 1.401210e+00 2.919365e-01 6.879688e-05
2.597386e+03 1.268125e+02 2.326784e+00 5.211314e-01 8.259859e-02 1.425204e+00 2.977793e-01 7.063922e-05
2.676374e+03 1.269333e+02 2.355904e+00 5.216040e-01 8.121410e-02 1.449379e+00 3.036347e-01 7.238360e-05
2.757764e+03 1.270530e+02 2.385224e+00 5.220995e-01 7.981278e-02 1.473735e+00 3.095016e-01 7.475154e-05
2.841629e+03 1.271718e+02 2.414718e+00 5.226174e-01 7.838975e-02 1.498262e+00 3.153706e-01 7.772979e-05
2.928045e+03 1.272894e+02 2.444613e+00 5.231562e-01 7.700274e-02 1.523048e+00 3.212423e-01 1.638570e-04
# 3.017088e+03 - - - - - - -
3.108840e+03 1.275217e+02 2.504449e+00 5.243015e-01 7.406366e-02 1.572979e+00 3.330015e-01 1.037737e-04
3.203381e+03 1.276364e+02 2.534598e+00 5.249052e-01 7.256295e-02 1.598201e+00 3.388586e-01 7.027193e-05
3.300798e+03 1.277501e+02 2.564977e+00 5.255288e-01 7.100891e-02 1.623624e+00 3.447226e-01 9.304807e-05
3.401177e+03 1.278628e+02 2.571610e+00 5.261725e-01 4.554802e-02 1.649227e+00 3.505681e-01 9.367492e-05
3.504608e+03 1.279746e+02 2.626303e+00 5.268357e-01 6.797714e-02 1.675002e+00 3.563923e-01 9.558752e-05
3.611186e+03 1.280854e+02 2.657223e+00 5.275419e-01 6.643361e-02 1.700951e+00 3.621992e-01 9.752434e-05
3.721004e+03 1.281953e+02 2.688265e+00 5.282437e-01 6.486839e-02 1.727073e+00 3.679801e-01 1.001274e-04
3.834161e+03 1.283043e+02 2.719450e+00 5.289638e-01 6.328300e-02 1.753367e+00 3.737335e-01 1.031198e-04
3.950760e+03 1.284124e+02 2.750787e+00 5.297016e-01 6.169004e-02 1.779834e+00 3.794556e-01 1.057988e-04
4.070905e+03 1.285196e+02 2.782254e+00 5.304569e-01 6.007836e-02 1.806470e+00 3.851405e-01 1.084448e-04
4.194704e+03 1.286259e+02 2.813857e+00 5.312292e-01 5.845363e-02 1.833276e+00 3.907865e-01 1.112884e-04
4.322267e+03 1.287313e+02 2.845582e+00 5.320180e-01 5.681407e-02 1.860252e+00 3.963842e-01 1.143849e-04
4.453710e+03 1.288358e+02 2.877435e+00 5.328229e-01 5.516227e-02 1.887394e+00 4.019374e-01 1.176202e-04
4.589149e+03 1.289396e+02 2.909402e+00 5.336434e-01 5.349518e-02 1.914705e+00 4.074385e-01 1.206701e-04
4.728708e+03 1.290424e+02 2.941480e+00 5.344792e-01 5.181372e-02 1.942180e+00 4.128826e-01 1.238372e-04
4.872511e+03 1.291445e+02 2.973664e+00 5.353297e-01 5.011939e-02 1.969822e+00 4.182658e-01 1.269733e-04
5.020686e+03 1.292457e+02 3.005947e+00 5.361945e-01 4.841125e-02 1.997627e+00 4.235838e-01 1.301096e-04
5.173368e+03 1.293461e+02 3.038327e+00 5.370732e-01 4.669031e-02 2.025597e+00 4.288334e-01 1.334031e-04
5.330693e+03 1.294457e+02 3.070805e+00 5.379643e-01 4.496084e-02 2.053733e+00 4.340106e-01 1.367391e-04
5.492803e+03 1.295445e+02 3.103353e+00 5.388693e-01 4.321272e-02 2.082025e+00 4.391060e-01 1.400888e-04
5.659842e+03 1.296425e+02 3.135981e+00 5.397868e-01 4.145301e-02 2.110479e+00 4.441179e-01 1.438983e-04
5.831961e+03 1.297397e+02 3.168680e+00 5.407164e-01 3.967986e-02 2.139094e+00 4.490416e-01 1.472791e-04
6.009314e+03 1.298362e+02 3.202510e+00 5.416576e-01 3.896226e-02 2.167867e+00 4.538721e-01 1.507684e-04
6.192061e+03 1.299319e+02 3.239526e+00 5.426099e-01 4.135756e-02 2.196798e+00 4.586056e-01 1.547890e-04
6.380365e+03 1.300269e+02 3.276618e+00 5.435729e-01 4.376816e-02 2.225883e+00 4.632355e-01 1.584047e-04
6.574395e+03 1.301211e+02 3.313798e+00 5.445461e-01 4.620141e-02 2.255129e+00 4.677595e-01 1.617696e-04
6.774326e+03 1.302146e+02 3.351044e+00 5.455292e-01 4.865296e-02 2.284527e+00 4.721688e-01 1.657463e-04
6.980337e+03 1.303073e+02 3.388358e+00 5.465216e-01 5.112459e-02 2.314081e+00 4.764617e-01 1.695719e-04
7.192613e+03 1.303994e+02 3.425729e+00 5.475228e-01 5.361508e-02 2.343786e+00 4.806318e-01 1.732471e-04
7.411344e+03 1.304907e+02 3.463386e+00 5.487650e-01 5.612487e-02 2.373644e+00 4.846750e-01 1.773650e-04
7.636728e+03 1.305813e+02 3.500853e+00 5.497848e-01 5.865382e-02 2.403653e+00 4.885813e-01 1.809585e-04
7.868965e+03 1.306712e+02 3.538371e+00 5.508121e-01 6.120299e-02 2.433815e+00 4.923548e-01 1.855669e-04
8.108264e+03 1.307605e+02 3.575918e+00 5.518466e-01 6.377133e-02 2.464124e+00 4.959843e-01 1.909269e-04
8.354841e+03 1.308490e+02 3.613319e+00 5.528885e-01 6.635639e-02 2.494419e+00 4.994615e-01 1.940681e-04
8.608917e+03 1.309369e+02 3.650906e+00 5.539365e-01 6.896380e-02 2.525026e+00 5.027827e-01 1.974796e-04
8.870719e+03 1.310241e+02 3.688513e+00 5.549903e-01 7.158517e-02 2.555775e+00 5.059628e-01 2.002290e-04
9.140482e+03 1.311107e+02 3.726287e+00 5.560506e-01 7.423024e-02 2.586843e+00 5.089549e-01 2.081153e-04
9.418449e+03 1.311966e+02 3.763898e+00 5.571153e-01 7.689703e-02 2.617881e+00 5.117912e-01 2.130900e-04
9.704870e+03 1.312818e+02 3.801413e+00 5.581848e-01 7.957079e-02 2.649054e+00 5.143905e-01 2.132270e-04
1.000000e+04 1.313664e+02 3.838510e+00 5.592597e-01 8.227325e-02 2.680363e+00 5.163894e-01 2.240672e-04
