#             MS        MSSMtower         EFTtower        MSSMMuBMu           HSSUSY         Softsusy  MSSMMuBMuSPheno        FeynHiggs   DeltaFeynHiggs           SUSYHD      DeltaSUSYHD           SPheno   SPheno FS-like  MSSMMuBMuYuatMS MSSMMuBMuYuatMSSPheno MSSMtower(yt(MS)^0L)     SuSpect 2.43
   91.1875999978   7.19162774E+01                -   7.17547201E+01   6.97997257E+01                -   7.17567418E+01   7.13435380E+01   2.94871598E-01          70.4012          51.8491   7.17183055E+01   7.17160428E+01   7.17547647E+01   7.17567729E+01   7.19966134E+01                -
  102.4716011870   7.59933154E+01                -   7.58385580E+01   7.28422068E+01   7.54064180e+01   7.58420187E+01   7.55567103E+01   3.26369539E-01          73.3796          37.1083   7.57141397E+01   7.57105834E+01   7.58378677E+01   7.58408146E+01   7.60903219E+01   7.52987544E+01
  115.1519400673   7.92016575E+01                -   7.90775131E+01   7.56497592E+01   7.88263543e+01   7.90826273E+01   7.88085177E+01   3.46596378E-01           76.133          25.9326   7.88846602E+01   7.88784650E+01   7.90755001E+01   7.90783556E+01   7.93243830E+01   7.86781435E+01
  129.4014063181   8.17769672E+01                -   8.17066824E+01   7.82534770E+01   8.15455247e+01   8.17161051E+01   8.13844060E+01   3.57259756E-01          78.6894          17.7016   8.14733783E+01   8.14632247E+01   8.17020299E+01   8.17061724E+01   8.19272630E+01   8.13690585E+01
  145.4141714618   8.38914396E+01                -   8.38996071E+01   8.06783196E+01   8.37892288e+01   8.39149742E+01   8.35027143E+01   3.65018740E-01          81.0734          11.7939   8.36407564E+01   8.36249169E+01   8.38909057E+01   8.38957400E+01   8.40689350E+01   8.35908342E+01
  163.4084347580   8.56988582E+01                -   8.58115160E+01   8.29447004E+01   8.57277618e+01   8.58351054E+01   8.53335195E+01   3.73402029E-01          83.3039          7.65426   8.55375566E+01   8.55138951E+01   8.57970691E+01   8.58020676E+01   8.59030353E+01   8.55113050E+01
  183.6293965136   8.72620270E+01                -   8.75502661E+01   8.50695795E+01   8.74810231e+01   8.75848114E+01   8.69924844E+01   3.84153338E-01          85.3968          4.85577   8.72687408E+01   8.72346498E+01   8.75280709E+01   8.75325455E+01   8.74924911E+01   8.72489356E+01
  206.3525993250   8.87022369E+01                -   8.91830374E+01   8.70672364E+01   8.91220801e+01   8.92317889E+01   8.85475318E+01   3.98350862E-01          87.3661          3.03556   8.89002387E+01   8.88526074E+01   8.91508270E+01   8.91541115E+01   8.89586014E+01   8.88752259E+01
  231.8876827820   9.01110076E+01                -   9.07486338E+01   8.89498324E+01   9.06931234e+01   9.08153351E+01   9.00381992E+01   4.16630371E-01          89.2231          1.88622   9.04703699E+01   9.04055943E+01   9.07038050E+01   9.07053391E+01   9.03927644E+01   9.04319877E+01
  260.5826027968   9.14989418E+01                -   9.22674963E+01   9.07278280E+01   9.22165876e+01   9.23563264E+01   9.14859865E+01   4.39335509E-01          90.9777          1.22384   9.19995454E+01   9.19135736E+01   9.22074739E+01   9.22068402E+01   9.18055553E+01   9.19413990E+01
  292.8283730542   9.28677497E+01                -   9.37488056E+01   9.24102993E+01   9.37025396e+01   9.38642990E+01   9.29019039E+01   4.66577290E-01          92.6389          1.08456   9.34971028E+01   9.33855059E+01   9.36708179E+01   9.36678565E+01   9.31985919E+01   9.34136575E+01
  329.0643931914   9.42147081E+01                -   9.51952628E+01   9.40051817E+01   9.51539887e+01   9.53422185E+01   9.42892095E+01   4.98237099E-01          94.2145          1.00825   9.49659338E+01   9.48239877E+01   9.50964974E+01   9.50913494E+01   9.45690165E+01   9.48520650E+01
  369.7844363134   9.55354202E+01                -   9.66062008E+01   9.55194608E+01   9.65695704e+01   9.67895888E+01   9.56379523E+01   5.32994500E-01          95.7112         0.909936   9.64055175E+01   9.62283069E+01   9.64838694E+01   9.64770129E+01   9.59122796E+01   9.62554366E+01
  415.5433774328   9.68253997E+01                -   9.79795281E+01   9.69593233E+01   9.79477724e+01   9.82044040E+01   9.69551504E+01   5.71736437E-01          97.1346         0.833088   9.78138327E+01   9.75963268E+01   9.78309247E+01   9.78231896E+01   9.72237352E+01   9.76227545E+01
  466.9647545196   9.80808260E+01                -   9.93128563E+01   9.83302784E+01   9.92860051e+01   9.95842890E+01   9.82404355E+01   6.14049439E-01          98.4904         0.776065   9.91884859E+01   9.89256286E+01   9.91354036E+01   9.91279690E+01   9.84994526E+01   9.89515709E+01
  524.7492651926   9.92989077E+01                -   1.00604147E+02   9.96372564E+01   1.00582046e+02   1.00927162E+02   9.94871109E+01   6.59541473E-01          99.7833         0.733832   1.00527370E+02   1.00214110E+02   1.00395432E+02   1.00389809E+02   9.97365093E+01   1.00239882E+02
  589.6843148334   1.00477858E+02                -   1.01851935E+02   1.00884689E+02   1.01834306e+02   1.02231469E+02   1.00691405E+02   7.07126955E-01          101.018         0.703105   1.01828891E+02   1.01460260E+02   1.01609734E+02   1.01607739E+02   1.00933050E+02   1.01486226E+02
  662.6547462299   1.01616806E+02                -   1.03055422E+02   1.02076577E+02   1.03041917e+02   1.03496294E+02   1.01848645E+02   7.56307808E-01          102.197         0.681348   1.03092092E+02   1.02663226E+02   1.02777714E+02   1.02781438E+02   1.02088160E+02   1.02689797E+02
  744.6548969596   1.02715636E+02                -   1.04214427E+02   1.03216543E+02   1.04204652e+02   1.04721319E+02   1.02977759E+02   8.07842353E-01          103.326         0.666513   1.04316610E+02   1.03822777E+02   1.03899403E+02   1.03911177E+02   1.03201693E+02   1.03850396E+02
  836.8021488125   1.03774776E+02                -   1.05329296E+02   1.04307883E+02   1.05322846e+02   1.05906743E+02   1.04057725E+02   8.60353755E-01          104.407          0.65692   1.05502602E+02   1.04939213E+02   1.04975360E+02   1.04997720E+02   1.04274116E+02   1.04968350E+02
  940.3521538853   1.04795105E+02                -   1.06400796E+02   1.05353600E+02   1.06397272e+02   1.07053176E+02   1.05104487E+02   9.14444903E-01          105.442         0.651392   1.06650639E+02   1.06013257E+02   1.06006558E+02   1.06042210E+02   1.05306319E+02   1.06044396E+02
 1056.7159448282   1.05777760E+02                -   1.07430005E+02   1.06356441E+02   1.07429035e+02   1.08161545E+02   1.06115864E+02   9.69630759E-01          106.435         0.648891   1.07761650E+02   1.07045956E+02   1.06994278E+02   1.07046070E+02   1.06299489E+02   1.07079586E+02
 1187.4791623973   1.06724073E+02                -   1.08418226E+02   1.07318927E+02   1.08419466e+02   1.09233067E+02   1.07094380E+02   1.02583244E+00          107.389         0.648763   1.08836683E+02   1.08038627E+02   1.07940017E+02   1.08010908E+02   1.07255018E+02   1.08075192E+02
 1334.4236623183   1.07635472E+02                -   1.09366907E+02   1.08243375E+02   1.09370049e+02   1.10268900E+02   1.08035350E+02   1.08266123E+00          108.305         0.650309   1.09877044E+02   1.08992604E+02   1.08845407E+02   1.08938604E+02   1.08174399E+02   1.09032630E+02
 1499.5517958901   1.08513432E+02                -   1.10277584E+02   1.09131917E+02   1.10282352e+02   1.11270509E+02   1.08945735E+02   1.14022162E+00          109.185         0.653121   1.10884098E+02   1.09909442E+02   1.09712157E+02   1.09830624E+02   1.09059180E+02   1.09953402E+02
 1685.1136951894   1.09359431E+02                -   1.11151831E+02   1.09986527E+02   1.11157984e+02   1.12239331E+02   1.09825090E+02   1.19834372E+00          110.032         0.656849   1.11859261E+02   1.10790695E+02   1.10542025E+02   1.10688891E+02   1.09910913E+02   1.10839046E+02
 1893.6379346798   1.10174915E+02                -   1.11991226E+02   1.10809029E+02   1.11998556e+02   1.13176852E+02   1.10670005E+02   1.25682224E+00          110.848         0.661189   1.12803960E+02   1.11637926E+02   1.11336707E+02   1.11515159E+02   1.10731129E+02   1.11691105E+02
 2127.9659870400   1.10961269E+02                -   1.12797371E+02   1.11601115E+02   1.12805655e+02   1.14084438E+02   1.11495614E+02   1.31597555E+00          111.632         0.665925   1.13719610E+02   1.12452678E+02   1.12097924E+02   1.12311138E+02   1.11521270E+02   1.12511100E+02
 2391.2909427245   1.11719913E+02                -   1.13571714E+02   1.12364355E+02   1.13580873e+02   1.14963521E+02   1.12280944E+02   1.37521403E+00          112.389         0.670916   1.14607593E+02   1.13236460E+02   1.12827378E+02   1.13078523E+02   1.12282836E+02   1.13300512E+02
 2687.2010208726   1.12452149E+02                -   1.14315760E+02   1.13100212E+02   1.14325621e+02   1.15815459E+02   1.13051796E+02   1.43501285E+00          113.118         0.676242   1.15469254E+02   1.13990726E+02   1.13526586E+02   1.13818807E+02   1.13017198E+02   1.14060766E+02
 3019.7284644718   1.13159139E+02                -   1.15030924E+02   1.13810049E+02   1.15041372e+02   1.16641557E+02   1.13786268E+02   1.49496818E+00          113.822         0.681597   1.16305882E+02   1.14716884E+02   1.14197117E+02   1.14533528E+02   1.13725582E+02   1.14793223E+02
 3393.4044860477   1.13842083E+02                -   1.15718560E+02   1.14495138E+02   1.15729495e+02   1.17443064E+02   1.14521856E+02   1.55535457E+00          114.501         0.686947   1.17118711E+02   1.15416273E+02   1.14840437E+02   1.15224110E+02   1.14409248E+02   1.15499176E+02
 3813.3210126041   1.14502081E+02                -   1.16379959E+02   1.15156668E+02   1.16391294e+02   1.18221173E+02   1.15195808E+02   1.61565165E+00          115.157         0.692506   1.17908919E+02   1.16090174E+02   1.15457940E+02   1.15891896E+02   1.15069359E+02   1.16179848E+02
 4285.2000711840   1.15140177E+02                -   1.17016349E+02   1.15795751E+02   1.17028010e+02   1.18977016E+02   1.15867242E+02   1.67743057E+00           115.79         0.698124   1.18677624E+02   1.16739885E+02   1.16050950E+02   1.16538153E+02   1.15707011E+02   1.16845433E+02
 4815.4717605417   1.15757358E+02                -   1.17628896E+02   1.16413431E+02   1.17640818e+02   1.19711667E+02   1.16536195E+02   1.73855980E+00          116.403         0.703624   1.19425886E+02   1.17366413E+02   1.16620723E+02   1.17164075E+02   1.16323235E+02   1.17483275E+02
 5411.3618714114   1.16354544E+02                -   1.18218705E+02   1.17010688E+02   1.18230831e+02   1.20426144E+02   1.17176115E+02   1.79974657E+00          116.995         0.708939   1.20154715E+02   1.17970800E+02   1.17168449E+02   1.17770782E+02   1.16919010E+02   1.18081021E+02
 6080.9903493383   1.16932614E+02                -   1.18787251E+02   1.17588439E+02   1.18799102e+02   1.21121411E+02   1.17766722E+02   1.86124977E+00          117.568         0.714333   1.20865056E+02   1.18554302E+02   1.17695253E+02   1.18359327E+02   1.17495252E+02   1.18670954E+02
 6833.4819417835   1.17492450E+02                -   1.19334678E+02   1.18147551E+02   1.19346629e+02   1.21798379E+02   1.18365631E+02   1.92304297E+00          118.122         0.719656   1.21557811E+02   1.19117902E+02   1.18202201E+02   1.18930699E+02   1.18052827E+02   1.19247794E+02
 7679.0905372449   1.18034739E+02                -   1.19862343E+02   1.18688839E+02   1.19874357e+02   1.22457911E+02   1.18983162E+02   1.98444975E+00          118.659         0.724692   1.22233829E+02   1.19662212E+02   1.18690301E+02   1.19485825E+02   1.18592552E+02   1.19801067E+02
 8629.3388907111   1.18560257E+02                -   1.20371134E+02   1.19213069E+02   1.20383175e+02   1.23100820E+02   1.19524849E+02   2.04677194E+00          119.178         0.729746   1.22893865E+02   1.20188426E+02   1.19160505E+02   1.20025578E+02   1.19115198E+02   1.20335939E+02
 9697.1756394287   1.19069700E+02                -   1.20861892E+02   1.19720966E+02   1.20873930e+02   1.23727878E+02   1.20069636E+02   2.10887423E+00          119.682         0.734728   1.23538786E+02   1.20697224E+02   1.19613714E+02   1.20550775E+02   1.19621491E+02   1.20854599E+02
10897.1517485716   1.19563727E+02                -   1.21335412E+02   1.20213215E+02   1.21347419e+02   1.24339814E+02   1.20618642E+02   2.17085668E+00           120.17          0.73953   1.24169257E+02   1.21189664E+02   1.20050781E+02   1.21062183E+02   1.20112099E+02   1.21358396E+02
12245.6187911631   1.20044594E+02                -   1.21792453E+02   1.20690462E+02   1.21804398e+02   1.24937317E+02   1.21097836E+02   2.23606792E+00          120.643         0.744196   1.24785943E+02   1.21665969E+02   1.20472511E+02   1.21560523E+02   1.20587709E+02   1.21844300E+02
13760.9517641289   1.20509933E+02                -   1.22233725E+02   1.21153319E+02   1.22245594e+02   1.25521006E+02   1.21680312E+02   2.29598665E+00          121.102         0.748852   1.25389494E+02   1.22127288E+02   1.20879669E+02   1.22046452E+02   1.21048918E+02   1.22322401E+02
15463.7994767023   1.20961668E+02                -   1.22659864E+02   1.21602365E+02   1.22671635e+02   1.26091575E+02   1.22104562E+02   2.36092009E+00          121.547         0.753414   1.25980403E+02   1.22574150E+02   1.21272976E+02   1.22520659E+02   1.21496308E+02   1.22783322E+02
17377.3659231189   1.21400312E+02                -   1.23071607E+02   1.22038149E+02   1.23083260e+02   1.26649563E+02   1.22695694E+02   2.42301777E+00           121.98         0.757746   1.26559491E+02   1.23007182E+02   1.21653078E+02   1.22983708E+02   1.21930442E+02   1.23242881E+02
19527.7264737508   1.21823347E+02                -   1.23469506E+02   1.22461192E+02   1.23481025e+02   1.27195537E+02   1.23035800E+02   2.49820762E+00          122.399         0.762106   1.27127163E+02   1.23426997E+02   1.22020720E+02   1.23436166E+02   1.22351821E+02   1.23639755E+02
21944.1831932827   1.22236886E+02                -   1.23854147E+02   1.22871989E+02   1.23865518e+02   1.27729981E+02   1.23514428E+02   2.57001116E+00          122.807         0.766382   1.27683977E+02   1.23834142E+02   1.22376476E+02   1.23878558E+02   1.22760940E+02   1.24082170E+02
24659.6641277031   1.22638765E+02                -   1.24226046E+02   1.23271008E+02   1.24237317e+02   1.28253489E+02   1.24134528E+02   2.62177472E+00          123.202          0.77048   1.28230389E+02   1.24229015E+02   1.22720879E+02   1.24311400E+02   1.23158292E+02   1.24456819E+02
27711.1720010281   1.23029407E+02                -   1.24585837E+02   1.23658695E+02   1.24596872e+02   1.28766428E+02   1.24653262E+02   2.76099231E+00          123.587         0.774472   1.28766884E+02   1.24612730E+02   1.23054519E+02   1.24735229E+02   1.23544314E+02   1.24899570E+02
31140.2884359598   1.23409225E+02                -   1.24933910E+02   1.24035476E+02   1.24944757e+02   1.29269342E+02   1.24800797E+02   3.56081350E+00           123.96         0.778402   1.29293881E+02   1.24984911E+02   1.23377842E+02   1.25150436E+02   1.23919432E+02   1.24865409E+02
34993.7405692835   1.23778612E+02                -   1.25270774E+02   1.24401753E+02   1.25281482e+02   1.29762711E+02   1.03529078E+02   2.42910739E+01          124.323         0.782218   1.29811842E+02   1.25346699E+02   1.23691708E+02   1.25557178E+02   1.24284051E+02   1.24621099E+02
39324.0377830358   1.24137946E+02                -   1.25596867E+02   1.24757912E+02   1.25607090e+02   1.30246142E+02   1.27692181E+02   4.49612390E+00          124.677         0.785855   1.30321159E+02   1.25698310E+02   1.23996023E+02   1.25956259E+02   1.24638560E+02   1.26227189E+02
44190.1872279123   1.24487627E+02                -   1.25912098E+02   1.25104319E+02   1.25922538e+02   1.30720331E+02   1.59808611E+02   8.69234867E+01           125.02         0.789472   1.30822248E+02   1.26040439E+02   1.24290273E+02   1.26347380E+02   1.24983321E+02   1.25772439E+02
49658.4978890535   1.24827905E+02                -   1.26213828E+02   1.25441322E+02   1.26228819e+02   1.31187539E+02   1.60190518E+02   1.58387779E+00          125.354         0.793014   1.31315391E+02   1.26373000E+02   1.24579925E+02   1.26733083E+02   1.25318686E+02   1.29729804E+02
55803.4841508779   1.25159156E+02                -   1.26515552E+02   1.25769257E+02   1.26525915e+02   1.31646135E+02   1.60314648E+02   1.31327471E+01          125.679         0.796421   1.31801038E+02   1.26691337E+02   1.24857316E+02   1.27111684E+02   1.25644991E+02   1.34630161E+02
62708.8811734623   1.25481654E+02                -   1.26790637E+02   1.26088440E+02   1.26813512e+02   1.32096361E+02   1.50016553E+02   1.12204904E+01          125.996          0.79979   1.32279582E+02   1.27006561E+02   1.25124863E+02   1.27480908E+02   1.25962552E+02   1.28876901E+02
70468.7859165787   1.25795237E+02                -   1.27088089E+02   1.26399177E+02   1.27093152e+02   1.32542558E+02   1.59055180E+02   2.44937140E+01          126.304         0.803107   1.32751207E+02   1.27313323E+02   1.25392277E+02   1.27853464E+02   1.26271676E+02   1.56325217E+02
79188.9393596469   1.26101127E+02                -   1.27324193E+02   1.26701756E+02   1.27916119e+02   1.32970889E+02   1.59331561E+02   1.51168966E+00          126.604         0.806327   1.33209818E+02   1.27611431E+02   1.25637775E+02   1.28209448E+02   1.26572655E+02   1.71178530E+02
88988.1673898758   1.26399158E+02                -   1.27633354E+02   1.26996457E+02   1.28476543e+02   1.33413238E+02   1.59169714E+02   2.56059297E+00          126.896         0.809448   1.33667834E+02   1.27894080E+02   1.25931863E+02   1.28545146E+02   1.26865764E+02   8.03236099E+01
99999.9999929771   1.26689585E+02                -   1.27949858E+02   1.27283544E+02   1.28428023e+02   1.33852996E+02   1.61807563E+02   8.04037801E+00          127.181         0.812572   1.34116656E+02   1.28178782E+02   1.25951219E+02   1.28926379E+02   1.27151271E+02   6.43437470E+01
