#             MS[]         MASS[25]	#             MS[]         MASS[25]	#             MS[]         MASS[25]
     90.9999999984   7.16760511E+01	     90.9999999984   7.16730471E+01	     90.9999999984   7.16790710E+01
    102.2642966615   7.57740366E+01	    102.2642966615   7.57694369E+01	    102.2642966615   7.57786598E+01
    114.9229271633   7.90278129E+01	    114.9229271633   7.90205304E+01	    114.9229271633   7.90351326E+01
    129.1484869982   8.16666845E+01	    129.1484869982   8.16555742E+01	    129.1484869982   8.16778504E+01
    145.1349361319   8.38661165E+01	    145.1349361319   8.38491481E+01	    145.1349361319   8.38831095E+01
    163.1002435693   8.57821870E+01	    163.1002435693   8.57571132E+01	    163.1002435693   8.58073051E+01
    183.2893592772   8.75236056E+01	    183.2893592772   8.74878249E+01	    183.2893592772   8.75594627E+01
    205.9775539819   8.91581664E+01	    205.9775539819   8.91085966E+01	    205.9775539819   8.92078637E+01
    231.4741723778   9.07250694E+01	    231.4741723778   9.06581519E+01	    231.4741723778   9.07921925E+01
    260.1268509224   9.22449973E+01	    260.1268509224   9.21567281E+01	    260.1268509224   9.23335875E+01
    292.3262577233   9.37272692E+01	    292.3262577233   9.36132513E+01	    292.3262577233   9.38417734E+01
    328.5114191460   9.51746592E+01	    328.5114191460   9.50301663E+01	    328.5114191460   9.53198680E+01
    369.1757057673   9.65865320E+01	    369.1757057673   9.64065772E+01	    369.1757057673   9.67675133E+01
    414.8735592909   9.79608058E+01	    414.8735592909   9.77402080E+01	    414.8735592909   9.81828388E+01
    466.2280521437   9.92950885E+01	    466.2280521437   9.90285341E+01	    466.2280521437   9.95636045E+01
    523.9393828785   1.00587333E+02	    523.9393828785   1.00268893E+02	    523.9393828785   1.00908743E+02
    588.7944229041   1.01836065E+02	    588.7944229041   1.01456889E+02	    588.7944229041   1.02219119E+02
    661.6774454677   1.03040475E+02	    661.6774454677   1.02594253E+02	    661.6774454677   1.03491698E+02
    743.5821821838   1.04200376E+02	    743.5821821838   1.03680868E+02	    743.5821821838   1.04726249E+02
    835.6253722240   1.05316109E+02	    835.6253722240   1.04717188E+02	    835.6253722240   1.05923029E+02
    939.0619886208   1.06388435E+02	    939.0619886208   1.05704115E+02	    939.0619886208   1.07082687E+02
   1055.3023493356   1.07418431E+02	   1055.3023493356   1.06642890E+02	   1055.3023493356   1.08206164E+02
   1185.9313463949   1.08407399E+02	   1185.9313463949   1.07533748E+02	   1185.9313463949   1.09295934E+02
   1332.7300552751   1.09356788E+02	   1332.7300552751   1.08378868E+02	   1332.7300552751   1.10352736E+02
   1497.7000191730   1.10268133E+02	   1497.7000191730   1.09180741E+02	   1497.7000191730   1.11377120E+02
   1683.0905392674   1.11143009E+02	   1683.0905392674   1.09941149E+02	   1683.0905392674   1.12370478E+02
   1891.4293430640   1.11982997E+02	   1891.4293430640   1.10661878E+02	   1891.4293430640   1.13334247E+02
   2125.5570489754   1.12789700E+02	   2125.5570489754   1.11344692E+02	   2125.5570489754   1.14269739E+02
   2388.6658970460   1.13564568E+02	   2388.6658970460   1.11991354E+02	   2388.6658970460   1.15178330E+02
   2684.3432739012   1.14309106E+02	   2684.3432739012   1.12603458E+02	   2684.3432739012   1.16061319E+02
   3016.6206256683   1.15024734E+02	   3016.6206256683   1.13182645E+02	   3016.6206256683   1.16919951E+02
   3390.0284239996   1.15712806E+02	   3390.0284239996   1.13730457E+02	   3390.0284239996   1.17755415E+02
   3809.6579389989   1.16374615E+02	   3809.6579389989   1.14248365E+02	   3809.6579389989   1.18568839E+02
   4281.2306555985   1.17011390E+02	   4281.2306555985   1.14737773E+02	   4281.2306555985   1.19361295E+02
   4811.1762840454   1.17624298E+02	   4811.1762840454   1.15200019E+02	   4811.1762840454   1.20133794E+02
   5406.7204264949   1.18214447E+02	   5406.7204264949   1.15636374E+02	   5406.7204264949   1.20887765E+02
   6075.9830952811   1.18783313E+02	   6075.9830952811   1.16048045E+02	   6075.9830952811   1.21623179E+02
   6828.0894261209   1.19331041E+02	   6828.0894261209   1.16436562E+02	   6828.0894261209   1.22341342E+02
   7673.2940957840   1.19858989E+02	   7673.2940957840   1.16802252E+02	   7673.2940957840   1.23043057E+02
   8623.1211406152   1.20368047E+02	   8623.1211406152   1.17146525E+02	   8623.1211406152   1.23729081E+02
   9690.5210822793   1.20859055E+02	   9690.5210822793   1.17470362E+02	   9690.5210822793   1.24400123E+02
  10890.0475030785   1.21332813E+02	  10890.0475030785   1.17774693E+02	  10890.0475030785   1.25056859E+02
  12238.0554783759   1.21790074E+02	  12238.0554783759   1.18060406E+02	  12238.0554783759   1.25699919E+02
  13752.9245716760   1.22231553E+02	  13752.9245716760   1.18328335E+02	  13752.9245716760   1.26329901E+02
  15455.3094328112   1.22657892E+02	  15455.3094328112   1.18579239E+02	  15455.3094328112   1.26947328E+02
  17368.4214177814   1.23069819E+02	  17368.4214177814   1.18813977E+02	  17368.4214177814   1.27552829E+02
  19518.3450597928   1.23467907E+02	  19518.3450597928   1.19033184E+02	  19518.3450597928   1.28146835E+02
  21934.3937315521   1.23852683E+02	  21934.3937315521   1.19237597E+02	  21934.3937315521   1.28729839E+02
  24649.5093153077   1.24224802E+02	  24649.5093153077   1.19427781E+02	  24649.5093153077   1.29302304E+02
  27700.7113541244   1.24584676E+02	  27700.7113541244   1.19604588E+02	  27700.7113541244   1.29864680E+02
  31129.6017989289   1.24932969E+02	  31129.6017989289   1.19768325E+02	  31129.6017989289   1.30417340E+02
  34982.9322349006   1.25269877E+02	  34982.9322349006   1.19919222E+02	  34982.9322349006   1.30960476E+02
  39313.2413211195   1.25595623E+02	  39313.2413211195   1.20058747E+02	  39313.2413211195   1.31495001E+02
  44179.5711347114   1.25911328E+02	  44179.5711347114   1.20187054E+02	  44179.5711347114   1.32019684E+02
  49648.2721865642   1.26215714E+02	  49648.2721865642   1.20305313E+02	  49648.2721865642   1.32537036E+02
  55793.9080846912   1.26511705E+02	  55793.9080846912   1.20415605E+02	  55793.9080846912   1.33045238E+02
  62700.2721799733   1.26800219E+02	  62700.2721799733   1.20504526E+02	  62700.2721799733   1.33548224E+02
  70461.5300558487   0.00000000E+00	  70461.5300558487   1.20579645E+02	  70461.5300558487   1.34041912E+02
#  79183.5034393527   1.27349274E+02	  79183.5034393527   0.00000000E+00	  79183.5034393527   1.34528240E+02
#  88985.1130391334   1.27596752E+02	  88985.1130391334   0.00000000E+00	  88985.1130391334   1.35004208E+02
#  99999.9999929771   0.00000000E+00	  99999.9999929771   0.00000000E+00	  99999.9999929771   0.00000000E+00
